"","link","page","ad_url","ad_number"
"1","https://www.gumtree.co.za/s-road-bikes/v1c9801p1page-1/v1c9801p1",1,"https://www.gumtree.co.za/a-road-bikes/woodmead/fat-bike-24-inch-+-bicycle/1009381146100910031372609",1
"2","https://www.gumtree.co.za/s-road-bikes/v1c9801p1page-1/v1c9801p1",1,"https://www.gumtree.co.za/a-road-bikes/other/road-bike-+-felt-f85/1009412274740910153261709",2
"3","https://www.gumtree.co.za/s-road-bikes/v1c9801p1page-1/v1c9801p1",1,"https://www.gumtree.co.za/a-road-bikes/wellington/scott-road-bike/1009334088140910018918409",3
"4","https://www.gumtree.co.za/s-road-bikes/v1c9801p1page-1/v1c9801p1",1,"https://www.gumtree.co.za/a-road-bikes/berea-musgrave/trek-bicycle/1009414191020910014105609",4
"5","https://www.gumtree.co.za/s-road-bikes/v1c9801p1page-1/v1c9801p1",1,"https://www.gumtree.co.za/a-road-bikes/tableview/cannondale-super-six-hi-mod-carbon-56cm/1009085268580911364600209",5
"6","https://www.gumtree.co.za/s-road-bikes/v1c9801p1page-1/v1c9801p1",1,"https://www.gumtree.co.za/a-road-bikes/tableview/2018-schwinn-s1-ladies-cruiser-+-pink/1005079016980911364600209",6
"7","https://www.gumtree.co.za/s-road-bikes/v1c9801p1page-1/v1c9801p1",1,"https://www.gumtree.co.za/a-road-bikes/durbanville/raleigh-comfort-cruser-26-ladies-bicycle/1009414023320910020010709",7
"8","https://www.gumtree.co.za/s-road-bikes/v1c9801p1page-1/v1c9801p1",1,"https://www.gumtree.co.za/a-road-bikes/tokai/focus-izalco-shimano-10spd-di2-dura-ace-small/1009328503450911247410409",8
"9","https://www.gumtree.co.za/s-road-bikes/v1c9801p1page-1/v1c9801p1",1,"https://www.gumtree.co.za/a-road-bikes/tableview/nova-carbon-road-wheels-65mm/1008656562700911364600209",9
"10","https://www.gumtree.co.za/s-road-bikes/v1c9801p1page-1/v1c9801p1",1,"https://www.gumtree.co.za/a-road-bikes/stellenbosch/raleigh-vintage-bicycle/1004253401960910038531309",10
"11","https://www.gumtree.co.za/s-road-bikes/v1c9801p1page-1/v1c9801p1",1,"https://www.gumtree.co.za/a-road-bikes/city-centre/bicycles-+-ad-posted-by-noel/1009413676810911344568109",11
"12","https://www.gumtree.co.za/s-road-bikes/v1c9801p1page-1/v1c9801p1",1,"https://www.gumtree.co.za/a-road-bikes/tableview/nova-carbon-road-wheels-55mm/1008656885360911364600209",12
"13","https://www.gumtree.co.za/s-road-bikes/v1c9801p1page-1/v1c9801p1",1,"https://www.gumtree.co.za/a-road-bikes/tableview/2019-quella-cambridge-yellow-+-universal/1008242434890911364600209",13
"14","https://www.gumtree.co.za/s-road-bikes/v1c9801p1page-1/v1c9801p1",1,"https://www.gumtree.co.za/a-road-bikes/eastern-pretoria/giant-tcr-one-excellent-condition-full-ultegra/1009413422380910039091909",14
"15","https://www.gumtree.co.za/s-road-bikes/v1c9801p1page-1/v1c9801p1",1,"https://www.gumtree.co.za/a-road-bikes/tokai/2018-trek-domane-%252B-ebike-carbon/1009329285990911247410409",15
"16","https://www.gumtree.co.za/s-road-bikes/v1c9801p1page-1/v1c9801p1",1,"https://www.gumtree.co.za/a-road-bikes/sea-point-three-anchor-bay/city-bike-for-sale-+-very-good-condition/1009413276120911183559209",16
"17","https://www.gumtree.co.za/s-road-bikes/v1c9801p1page-1/v1c9801p1",1,"https://www.gumtree.co.za/a-road-bikes/ottery/merida-road-bike-for-sale/1009413122280910324850209",17
"18","https://www.gumtree.co.za/s-road-bikes/v1c9801p1page-1/v1c9801p1",1,"https://www.gumtree.co.za/a-road-bikes/retreat/avalanche-solo-xl-road-bike/1008091229780910232162609",18
"19","https://www.gumtree.co.za/s-road-bikes/v1c9801p1page-1/v1c9801p1",1,"https://www.gumtree.co.za/a-road-bikes/green-point-waterfront/road-bikes-cape-town-+-scott-addict-20-carbon-bike-disc-brake-+-brand-new/1008092246030911247410409",19
"20","https://www.gumtree.co.za/s-road-bikes/v1c9801p1page-1/v1c9801p1",1,"https://www.gumtree.co.za/a-road-bikes/kempton-park/racer-cervelo-time-machine-carbon-+-excellent-condition-r25000/1009412471750910251339509",20
"21","https://www.gumtree.co.za/s-road-bikes/v1c9801p1page-1/v1c9801p1",1,"https://www.gumtree.co.za/a-road-bikes/city-centre/fuji-full-carbon-ultegra/1009412471730910279880709",21
"22","https://www.gumtree.co.za/s-road-bikes/v1c9801p1page-1/v1c9801p1",1,"https://www.gumtree.co.za/a-road-bikes/bellville/volcan-20-inch-bicycle-kids-girls-bike/1009412446180910877142509",22
"23","https://www.gumtree.co.za/s-road-bikes/v1c9801p1page-1/v1c9801p1",1,"https://www.gumtree.co.za/a-road-bikes/kempton-park/wheel-set-for-training/1009234563210910002142509",23
"24","https://www.gumtree.co.za/s-road-bikes/v1c9801p1page-2/v1c9801p2",2,"https://www.gumtree.co.za/a-road-bikes/vanderbijlpark/s+works-venge/1009412386030910887826009",24
"25","https://www.gumtree.co.za/s-road-bikes/v1c9801p1page-2/v1c9801p2",2,"https://www.gumtree.co.za/a-road-bikes/centurion/single-speed-bicycle/1009412095890912111056909",25
"26","https://www.gumtree.co.za/s-road-bikes/v1c9801p1page-2/v1c9801p2",2,"https://www.gumtree.co.za/a-road-bikes/other/road-bike-+-felt-f85/1009412274740910153261709",26
"27","https://www.gumtree.co.za/s-road-bikes/v1c9801p1page-2/v1c9801p2",2,"https://www.gumtree.co.za/a-road-bikes/tableview/2019-quella-nero-black-+-universal/1008242449790911364600209",27
"28","https://www.gumtree.co.za/s-road-bikes/v1c9801p1page-2/v1c9801p2",2,"https://www.gumtree.co.za/a-road-bikes/goodwood/raleigh-bicycles-x-2-for-ages-4-and-upwards/1009412145950910064394709",28
"29","https://www.gumtree.co.za/s-road-bikes/v1c9801p1page-2/v1c9801p2",2,"https://www.gumtree.co.za/a-road-bikes/tableview/cannondale-caad-8-54cm/1009219546400911364600209",29
"30","https://www.gumtree.co.za/s-road-bikes/v1c9801p1page-2/v1c9801p2",2,"https://www.gumtree.co.za/a-road-bikes/vanderbijlpark/s+works-venge-vias-+-super-bike-+-sram-red-etap/1009412095060910887826009",30
"31","https://www.gumtree.co.za/s-road-bikes/v1c9801p1page-2/v1c9801p2",2,"https://www.gumtree.co.za/a-road-bikes/despatch/spinning-bike/1009411773710911003646209",31
"32","https://www.gumtree.co.za/s-road-bikes/v1c9801p1page-2/v1c9801p2",2,"https://www.gumtree.co.za/a-road-bikes/stellenbosch/johnny-loco-bicycle-in-reasonable-condition/1009090661130910194000709",32
"33","https://www.gumtree.co.za/s-road-bikes/v1c9801p1page-2/v1c9801p2",2,"https://www.gumtree.co.za/a-road-bikes/goodwood/unisex-bmx-bicycle/1009411662470910232815809",33
"34","https://www.gumtree.co.za/s-road-bikes/v1c9801p1page-2/v1c9801p2",2,"https://www.gumtree.co.za/a-road-bikes/tokai/2020-trek-emonda-sl-5-disc/1009328738150911247410409",34
"35","https://www.gumtree.co.za/s-road-bikes/v1c9801p1page-2/v1c9801p2",2,"https://www.gumtree.co.za/a-road-bikes/city-centre/peugeot-le-mans-vintage-road-bicycle-57cm-m-l-size-12-speed-good-condition-501-fork-bargain/1009411784320911416632409",35
"36","https://www.gumtree.co.za/s-road-bikes/v1c9801p1page-2/v1c9801p2",2,"https://www.gumtree.co.za/a-road-bikes/constantia/road-bike-+-trek-emonda-sl6-carbon-road-bike-cape-town-new/1005080289950911247410409",36
"37","https://www.gumtree.co.za/s-road-bikes/v1c9801p1page-2/v1c9801p2",2,"https://www.gumtree.co.za/a-road-bikes/other/fixie-style-brand-new-bicycle-with-s+ram-x+4-gear-system-bike-carriers-racks-and-wide-range-car/1007846000850911408440409",37
"38","https://www.gumtree.co.za/s-road-bikes/v1c9801p1page-2/v1c9801p2",2,"https://www.gumtree.co.za/a-road-bikes/richmond/leader-carbon-road-bicycle/1009411189690910172696809",38
"39","https://www.gumtree.co.za/s-road-bikes/v1c9801p1page-2/v1c9801p2",2,"https://www.gumtree.co.za/a-road-bikes/plumstead/avalanche-solo-roadbike/1008597133120910153993009",39
"40","https://www.gumtree.co.za/s-road-bikes/v1c9801p1page-2/v1c9801p2",2,"https://www.gumtree.co.za/a-road-bikes/tableview/schwinn-carbon-105-frame-+-large/1008405227670911364600209",40
"41","https://www.gumtree.co.za/s-road-bikes/v1c9801p1page-2/v1c9801p2",2,"https://www.gumtree.co.za/a-road-bikes/pietermaritzburg/avalanche-16-34-bicycle/1009411157440912595805209",41
"42","https://www.gumtree.co.za/s-road-bikes/v1c9801p1page-2/v1c9801p2",2,"https://www.gumtree.co.za/a-road-bikes/brackenfell/scott-s40-for-sale/1009410953520910859490709",42
"43","https://www.gumtree.co.za/s-road-bikes/v1c9801p1page-2/v1c9801p2",2,"https://www.gumtree.co.za/a-road-bikes/constantia/road-bike-+-trek-emonda-sl6-carbon-road-bike+-cape-town-western-cape-new-bicycle/1007714194080911247410409",43
"44","https://www.gumtree.co.za/s-road-bikes/v1c9801p1page-3/v1c9801p3",3,"https://www.gumtree.co.za/a-road-bikes/rondebosch/gt-series-3/1009410182450910006441309",44
"45","https://www.gumtree.co.za/s-road-bikes/v1c9801p1page-3/v1c9801p3",3,"https://www.gumtree.co.za/a-road-bikes/west-beach/fold-up-bicycle+-b+-twin-tilt-100+-20-in-good-condition/1009410080690910010625409",45
"46","https://www.gumtree.co.za/s-road-bikes/v1c9801p1page-3/v1c9801p3",3,"https://www.gumtree.co.za/a-road-bikes/woodstock/go-kart/1009278783980910007301109",46
"47","https://www.gumtree.co.za/s-road-bikes/v1c9801p1page-3/v1c9801p3",3,"https://www.gumtree.co.za/a-road-bikes/vanderbijlpark/giant-ocr-5-fiets-te-koop/1008881122750910272377009",47
"48","https://www.gumtree.co.za/s-road-bikes/v1c9801p1page-3/v1c9801p3",3,"https://www.gumtree.co.za/a-road-bikes/hillcrest/giant-ocr-5/1009409895500910048471009",48
"49","https://www.gumtree.co.za/s-road-bikes/v1c9801p1page-3/v1c9801p3",3,"https://www.gumtree.co.za/a-road-bikes/midrand/bianchi-c2c-infinety/1009409543760910039385509",49
"50","https://www.gumtree.co.za/s-road-bikes/v1c9801p1page-3/v1c9801p3",3,"https://www.gumtree.co.za/a-road-bikes/elsie-s-river/road-bike-for-sale/1009409197200910194265309",50
"51","https://www.gumtree.co.za/s-road-bikes/v1c9801p1page-3/v1c9801p3",3,"https://www.gumtree.co.za/a-road-bikes/edenvale/rook-one-matte-black-single-gear-bike/1009408969590912853568209",51
"52","https://www.gumtree.co.za/s-road-bikes/v1c9801p1page-3/v1c9801p3",3,"https://www.gumtree.co.za/a-road-bikes/secunda/carbon-wheelset-rolf-prima-50mm/1009408579090911071897209",52
"53","https://www.gumtree.co.za/s-road-bikes/v1c9801p1page-3/v1c9801p3",3,"https://www.gumtree.co.za/a-road-bikes/constantia-kloof/trek-370-road-series-steely-shimano-8spd-alloy-wheels/1009408368510910307236409",53
"54","https://www.gumtree.co.za/s-road-bikes/v1c9801p1page-3/v1c9801p3",3,"https://www.gumtree.co.za/a-road-bikes/other/scot-foil-2018-roadbike/1009408364400910186891309",54
"55","https://www.gumtree.co.za/s-road-bikes/v1c9801p1page-3/v1c9801p3",3,"https://www.gumtree.co.za/a-road-bikes/other/giant-contend-sl-roadbike/1009408340240910186891309",55
"56","https://www.gumtree.co.za/s-road-bikes/v1c9801p1page-3/v1c9801p3",3,"https://www.gumtree.co.za/a-road-bikes/diep-river/bh-6-pro-ultegra/1006467609040911718560009",56
"57","https://www.gumtree.co.za/s-road-bikes/v1c9801p1page-3/v1c9801p3",3,"https://www.gumtree.co.za/a-road-bikes/diep-river/bh-g7-disc-ultegra-di2-+-ld557/1006466507410911718560009",57
"58","https://www.gumtree.co.za/s-road-bikes/v1c9801p1page-3/v1c9801p3",3,"https://www.gumtree.co.za/a-road-bikes/douglasdale/bmx-freestyle-avalanche/1009407285460912847760209",58
"59","https://www.gumtree.co.za/s-road-bikes/v1c9801p1page-3/v1c9801p3",3,"https://www.gumtree.co.za/a-road-bikes/diep-river/bh-quartz-disc-ultegra-di2-+-ld357/1006466825210911718560009",59
"60","https://www.gumtree.co.za/s-road-bikes/v1c9801p1page-3/v1c9801p3",3,"https://www.gumtree.co.za/a-road-bikes/city-centre/bicycles-+-ad-posted-by-noel/1009407072820911344568109",60
"61","https://www.gumtree.co.za/s-road-bikes/v1c9801p1page-3/v1c9801p3",3,"https://www.gumtree.co.za/a-road-bikes/johannesburg-south/new-california-r2600-road-bike/1009406973640910003592209",61
"62","https://www.gumtree.co.za/s-road-bikes/v1c9801p1page-3/v1c9801p3",3,"https://www.gumtree.co.za/a-road-bikes/roodepoort/unique-big-wheels-50cc-motorbike-scooter-for-big-kid-and-adult-perfect-for-on-and-off+road/1009406786700910074354709",62
"63","https://www.gumtree.co.za/s-road-bikes/v1c9801p1page-3/v1c9801p3",3,"https://www.gumtree.co.za/a-road-bikes/maitland/dutch-style-bicycle-+-super-comfortable-riding-experience/1002244373140910001874009",63
"64","https://www.gumtree.co.za/s-road-bikes/v1c9801p1page-4/v1c9801p4",4,"https://www.gumtree.co.za/a-road-bikes/kloof/raleigh-bike/1008676798550910003693409",64
"65","https://www.gumtree.co.za/s-road-bikes/v1c9801p1page-4/v1c9801p4",4,"https://www.gumtree.co.za/a-road-bikes/jeffreys-bay/kid-learners-bicycles-for-sale/1009406095310910277639609",65
"66","https://www.gumtree.co.za/s-road-bikes/v1c9801p1page-4/v1c9801p4",4,"https://www.gumtree.co.za/a-road-bikes/diep-river/bh-cyclocross-rx-team-disc-+-lc206/1006466825900911718560009",66
"67","https://www.gumtree.co.za/s-road-bikes/v1c9801p1page-4/v1c9801p4",4,"https://www.gumtree.co.za/a-road-bikes/diep-river/bh-ultralight-ultegra-+-l65c6/1006467186450911718560009",67
"68","https://www.gumtree.co.za/s-road-bikes/v1c9801p1page-4/v1c9801p4",4,"https://www.gumtree.co.za/a-road-bikes/gardens/stolen-reward-giant-fold+up-expressway/1008044253970910004752209",68
"69","https://www.gumtree.co.za/s-road-bikes/v1c9801p1page-4/v1c9801p4",4,"https://www.gumtree.co.za/a-road-bikes/kuils-river/vintage-student-bicycle-pink/1009057043600912809837709",69
"70","https://www.gumtree.co.za/s-road-bikes/v1c9801p1page-4/v1c9801p4",4,"https://www.gumtree.co.za/a-road-bikes/westville/schwinn-s1-cruiser/1009274796610910098665909",70
"71","https://www.gumtree.co.za/s-road-bikes/v1c9801p1page-4/v1c9801p4",4,"https://www.gumtree.co.za/a-road-bikes/goodwood/new-peerless-go-easy-freestyle-bike/1008966027790910045501309",71
"72","https://www.gumtree.co.za/s-road-bikes/v1c9801p1page-4/v1c9801p4",4,"https://www.gumtree.co.za/a-road-bikes/east-london/raleigh-time-trial-edition-bike-for-sale/1009405239100910001898909",72
"73","https://www.gumtree.co.za/s-road-bikes/v1c9801p1page-4/v1c9801p4",4,"https://www.gumtree.co.za/a-road-bikes/northgate/giant-tcr2-bicycle/1009276326140910019836609",73
"74","https://www.gumtree.co.za/s-road-bikes/v1c9801p1page-4/v1c9801p4",4,"https://www.gumtree.co.za/a-road-bikes/roodepoort/bicycle-for-sale/1009404472420910257200809",74
"75","https://www.gumtree.co.za/s-road-bikes/v1c9801p1page-4/v1c9801p4",4,"https://www.gumtree.co.za/a-road-bikes/despatch/diamond-back-21-speed-bike/1009403794200910367927409",75
"76","https://www.gumtree.co.za/s-road-bikes/v1c9801p1page-4/v1c9801p4",4,"https://www.gumtree.co.za/a-road-bikes/somerset-west/carbon-trek-5200-roadbike/1009403357210910044473909",76
"77","https://www.gumtree.co.za/s-road-bikes/v1c9801p1page-4/v1c9801p4",4,"https://www.gumtree.co.za/a-road-bikes/city-centre/vintage-bicycle-excellent-condition/1009403217610910334613409",77
"78","https://www.gumtree.co.za/s-road-bikes/v1c9801p1page-4/v1c9801p4",4,"https://www.gumtree.co.za/a-road-bikes/constantia-kloof/giant-tcr2-50cm-frame-full-campagnolo-18spd-carbon-forks/1009402883400910307236409",78
"79","https://www.gumtree.co.za/s-road-bikes/v1c9801p1page-4/v1c9801p4",4,"https://www.gumtree.co.za/a-road-bikes/durbanville/road-pedals/1009402306580912464254409",79
"80","https://www.gumtree.co.za/s-road-bikes/v1c9801p1page-4/v1c9801p4",4,"https://www.gumtree.co.za/a-road-bikes/brackenfell/colnago-road-bike-for-sale/1009402030950910391554109",80
"81","https://www.gumtree.co.za/s-road-bikes/v1c9801p1page-4/v1c9801p4",4,"https://www.gumtree.co.za/a-road-bikes/midrand/giant-defy-hlux-xl/1009401748540910039385509",81
"82","https://www.gumtree.co.za/s-road-bikes/v1c9801p1page-4/v1c9801p4",4,"https://www.gumtree.co.za/a-road-bikes/fairland/classic-kids-bmx-old-school-16/1009400940530912574530009",82
"83","https://www.gumtree.co.za/s-road-bikes/v1c9801p1page-4/v1c9801p4",4,"https://www.gumtree.co.za/a-road-bikes/eastern-pretoria/bicycle-+-ad-posted-by-legac/1009400794170912591871009",83
"84","https://www.gumtree.co.za/s-road-bikes/v1c9801p1page-5/v1c9801p5",5,"https://www.gumtree.co.za/a-road-bikes/retreat/girls-bicycle/1009400407140910796583609",84
"85","https://www.gumtree.co.za/s-road-bikes/v1c9801p1page-5/v1c9801p5",5,"https://www.gumtree.co.za/a-road-bikes/ballitoville/avalanche-dv8-freestyle-20inch-bmx-+-r2400/1009270456930910009424209",85
"86","https://www.gumtree.co.za/s-road-bikes/v1c9801p1page-5/v1c9801p5",5,"https://www.gumtree.co.za/a-road-bikes/crawford/imported-vintage-shimano-regency-18-speed-hybrid-+-r/1008959354280910232698409",86
"87","https://www.gumtree.co.za/s-road-bikes/v1c9801p1page-5/v1c9801p5",5,"https://www.gumtree.co.za/a-road-bikes/bryanston/giant-tcr2-bicycle-for-sale/1009250433560911310143009",87
"88","https://www.gumtree.co.za/s-road-bikes/v1c9801p1page-5/v1c9801p5",5,"https://www.gumtree.co.za/a-road-bikes/city-centre/electric-bicycle-inmotion-p1-and-p2-special-offer-from-www-iroll-co-za/1008135007180910006333909",88
"89","https://www.gumtree.co.za/s-road-bikes/v1c9801p1page-5/v1c9801p5",5,"https://www.gumtree.co.za/a-road-bikes/other/cervelo-bicycle/1009212014140912391015609",89
"90","https://www.gumtree.co.za/s-road-bikes/v1c9801p1page-5/v1c9801p5",5,"https://www.gumtree.co.za/a-road-bikes/somerset-west/kinemato-road-e+bike-brand-new+-the-perfect-gift/1008060815390910124180709",90
"91","https://www.gumtree.co.za/s-road-bikes/v1c9801p1page-5/v1c9801p5",5,"https://www.gumtree.co.za/a-road-bikes/parow/bike-for-sale/1009398999510911440158909",91
"92","https://www.gumtree.co.za/s-road-bikes/v1c9801p1page-5/v1c9801p5",5,"https://www.gumtree.co.za/a-road-bikes/parow/raleigh-rc2000-racing-bike-for-sale/1009398789090911440158909",92
"93","https://www.gumtree.co.za/s-road-bikes/v1c9801p1page-5/v1c9801p5",5,"https://www.gumtree.co.za/a-road-bikes/hout-bay/racing-bike-classic/1009398698330910254525109",93
"94","https://www.gumtree.co.za/s-road-bikes/v1c9801p1page-5/v1c9801p5",5,"https://www.gumtree.co.za/a-road-bikes/city-centre/bycicle-express/1009398580540912708622909",94
"95","https://www.gumtree.co.za/s-road-bikes/v1c9801p1page-5/v1c9801p5",5,"https://www.gumtree.co.za/a-road-bikes/blouberg/schwinn-bicycles/1009120217350910027759509",95
"96","https://www.gumtree.co.za/s-road-bikes/v1c9801p1page-5/v1c9801p5",5,"https://www.gumtree.co.za/a-road-bikes/fish-hoek/giant-ocr-road-bike/1009397458720910187248909",96
"97","https://www.gumtree.co.za/s-road-bikes/v1c9801p1page-5/v1c9801p5",5,"https://www.gumtree.co.za/a-road-bikes/northcliff/gaint-tcr-advanced-sl-dura+ace-right-round/1009397791470912857813509",97
"98","https://www.gumtree.co.za/s-road-bikes/v1c9801p1page-5/v1c9801p5",5,"https://www.gumtree.co.za/a-road-bikes/simon-s-town/avalanche-mistral-hybrid-%252B-lots-of-extras-great-condition-r8000/1009397592000910166339309",98
"99","https://www.gumtree.co.za/s-road-bikes/v1c9801p1page-5/v1c9801p5",5,"https://www.gumtree.co.za/a-road-bikes/vredehoek/trek-one-series-road-bike/1009397267130910013131509",99
"100","https://www.gumtree.co.za/s-road-bikes/v1c9801p1page-5/v1c9801p5",5,"https://www.gumtree.co.za/a-road-bikes/crawford/1980s-peter-alan-vintage-racer-columbus-steel-+-r/1009396974490910232698409",100
"101","https://www.gumtree.co.za/s-road-bikes/v1c9801p1page-5/v1c9801p5",5,"https://www.gumtree.co.za/a-road-bikes/crawford/imported-1960s-vintage-dawes-racer-steel-531-tubing-+-r/1009396927380910232698409",101
"102","https://www.gumtree.co.za/s-road-bikes/v1c9801p1page-5/v1c9801p5",5,"https://www.gumtree.co.za/a-road-bikes/kensington/scott-road-bike/1009396523210910775497009",102
"103","https://www.gumtree.co.za/s-road-bikes/v1c9801p1page-5/v1c9801p5",5,"https://www.gumtree.co.za/a-road-bikes/stellenbosch/retrospec-bicycle/1005282750360910023741309",103
"104","https://www.gumtree.co.za/s-road-bikes/v1c9801p1page-6/v1c9801p6",6,"https://www.gumtree.co.za/a-road-bikes/crawford/imported-aluminium-felt-heritage-cruiser-7-speed-+-r/1009396581120910232698409",104
"105","https://www.gumtree.co.za/s-road-bikes/v1c9801p1page-6/v1c9801p6",6,"https://www.gumtree.co.za/a-road-bikes/douglasdale/totem-bicycle-for-kids-ages-4-to-7-years/1009396077910910001983109",105
"106","https://www.gumtree.co.za/s-road-bikes/v1c9801p1page-6/v1c9801p6",6,"https://www.gumtree.co.za/a-road-bikes/crawford/imported-1960s-vintage-dawes-foldup-bicycle-+-r/1009396480090910232698409",106
"107","https://www.gumtree.co.za/s-road-bikes/v1c9801p1page-6/v1c9801p6",6,"https://www.gumtree.co.za/a-road-bikes/benoni/kcnc-jockey-wheel-system-+-shimano-r8000-9100/1009395923680910167392109",107
"108","https://www.gumtree.co.za/s-road-bikes/v1c9801p1page-6/v1c9801p6",6,"https://www.gumtree.co.za/a-road-bikes/other/bmx-bike-for-sale-20-34-43-4pegs-diamond-back-genesis/1009395841450910826088409",108
"109","https://www.gumtree.co.za/s-road-bikes/v1c9801p1page-6/v1c9801p6",6,"https://www.gumtree.co.za/a-road-bikes/fourways/stylish-puma-bicycles/1009395689790910010716409",109
"110","https://www.gumtree.co.za/s-road-bikes/v1c9801p1page-6/v1c9801p6",6,"https://www.gumtree.co.za/a-road-bikes/brackenfell/bicycle-road-racing/1006344183550910195915309",110
"111","https://www.gumtree.co.za/s-road-bikes/v1c9801p1page-6/v1c9801p6",6,"https://www.gumtree.co.za/a-road-bikes/mokopane-potgietersrus/silverback-bike/1009213411270910016677509",111
"112","https://www.gumtree.co.za/s-road-bikes/v1c9801p1page-6/v1c9801p6",6,"https://www.gumtree.co.za/a-road-bikes/gardens/cinelli-vigorelli/1009395399840910041331909",112
"113","https://www.gumtree.co.za/s-road-bikes/v1c9801p1page-6/v1c9801p6",6,"https://www.gumtree.co.za/a-road-bikes/gillitts/alex-rims-expert-sl-rim-brake-wheels/1009264814580912710921609",113
"114","https://www.gumtree.co.za/s-road-bikes/v1c9801p1page-6/v1c9801p6",6,"https://www.gumtree.co.za/a-road-bikes/goodwood/bicycle-repairs-%252Bspares/1002292021300910232815809",114
"115","https://www.gumtree.co.za/s-road-bikes/v1c9801p1page-6/v1c9801p6",6,"https://www.gumtree.co.za/a-road-bikes/bela+bela-warmbad/sunn-revolt-mountain-bike-for-sale-worth-15k-selling-price-r5500-neg/1008958847980910741750509",115
"116","https://www.gumtree.co.za/s-road-bikes/v1c9801p1page-6/v1c9801p6",6,"https://www.gumtree.co.za/a-road-bikes/port-elizabeth/bmx-+-ad-posted-by-jane/1009265024480910953364309",116
"117","https://www.gumtree.co.za/s-road-bikes/v1c9801p1page-6/v1c9801p6",6,"https://www.gumtree.co.za/a-road-bikes/johannesburg-south/releigh-24-34-bicycle-for-sale/1009394687730911449296709",117
"118","https://www.gumtree.co.za/s-road-bikes/v1c9801p1page-6/v1c9801p6",6,"https://www.gumtree.co.za/a-road-bikes/grassy-park/merida-road-lite-905-large/1009393921670910021596109",118
"119","https://www.gumtree.co.za/s-road-bikes/v1c9801p1page-6/v1c9801p6",6,"https://www.gumtree.co.za/a-road-bikes/athlone/bianchi-50cm/1009394109880910234365509",119
"120","https://www.gumtree.co.za/s-road-bikes/v1c9801p1page-6/v1c9801p6",6,"https://www.gumtree.co.za/a-road-bikes/crawford/bmx-mongoose-legion-l40/1009393677760911370214109",120
"121","https://www.gumtree.co.za/s-road-bikes/v1c9801p1page-6/v1c9801p6",6,"https://www.gumtree.co.za/a-road-bikes/rondebosch/avalanche-compact-road-str-racing/1009393500560910029514609",121
"122","https://www.gumtree.co.za/s-road-bikes/v1c9801p1page-6/v1c9801p6",6,"https://www.gumtree.co.za/a-road-bikes/sunningdale/fold-up-bicycle+-b+-twin-tilt-100+-20-in-good-condition/1009393059900910010625409",122
"123","https://www.gumtree.co.za/s-road-bikes/v1c9801p1page-6/v1c9801p6",6,"https://www.gumtree.co.za/a-road-bikes/other/mongoose-legion-10-freestyle-bmx/1009393350820912857522409",123
"124","https://www.gumtree.co.za/s-road-bikes/v1c9801p1page-7/v1c9801p7",7,"https://www.gumtree.co.za/a-road-bikes/mitchell-s-plain/gaint-parts-for-sale/1009393059750910004282509",124
"125","https://www.gumtree.co.za/s-road-bikes/v1c9801p1page-7/v1c9801p7",7,"https://www.gumtree.co.za/a-road-bikes/century-city/bmw-top-box/1009393342830912601485409",125
"126","https://www.gumtree.co.za/s-road-bikes/v1c9801p1page-7/v1c9801p7",7,"https://www.gumtree.co.za/a-road-bikes/boksburg/26-romario-balloon-bicycle/1009212719630911012753909",126
"127","https://www.gumtree.co.za/s-road-bikes/v1c9801p1page-7/v1c9801p7",7,"https://www.gumtree.co.za/a-road-bikes/boksburg/27-racing-bicycle/1009212855270911012753909",127
"128","https://www.gumtree.co.za/s-road-bikes/v1c9801p1page-7/v1c9801p7",7,"https://www.gumtree.co.za/a-road-bikes/rondebosch/new-2021-panaracer-race-a-evo-4-folding-tyre-black-size-25mm/1009392900980911274552509",128
"129","https://www.gumtree.co.za/s-road-bikes/v1c9801p1page-7/v1c9801p7",7,"https://www.gumtree.co.za/a-road-bikes/rondebosch/new-2021-panaracer-race-a-evo-4-folding-tyre-black-wall-size-28/1009392883780911274552509",129
"130","https://www.gumtree.co.za/s-road-bikes/v1c9801p1page-7/v1c9801p7",7,"https://www.gumtree.co.za/a-road-bikes/rondebosch/new-panaracer-race-c-evo4-tire-tan-wall-size-26mm/1009392877150911274552509",130
"131","https://www.gumtree.co.za/s-road-bikes/v1c9801p1page-7/v1c9801p7",7,"https://www.gumtree.co.za/a-road-bikes/east-london/cycling-pedals/1009392313940910871426509",131
"132","https://www.gumtree.co.za/s-road-bikes/v1c9801p1page-7/v1c9801p7",7,"https://www.gumtree.co.za/a-road-bikes/other/bike-+-ad-posted-by-top-eagle-traders/1009391953410912469486609",132
"133","https://www.gumtree.co.za/s-road-bikes/v1c9801p1page-7/v1c9801p7",7,"https://www.gumtree.co.za/a-road-bikes/berea-musgrave/giant-ocr-road-bike/1009391875570912619069509",133
"134","https://www.gumtree.co.za/s-road-bikes/v1c9801p1page-7/v1c9801p7",7,"https://www.gumtree.co.za/a-road-bikes/despatch/raleigh-rc3000-road-bicycle/1009391699290910059570809",134
"135","https://www.gumtree.co.za/s-road-bikes/v1c9801p1page-7/v1c9801p7",7,"https://www.gumtree.co.za/a-road-bikes/city-centre/brand-new-raleigh-12-balance-bikes/1009391223670910948125009",135
"136","https://www.gumtree.co.za/s-road-bikes/v1c9801p1page-7/v1c9801p7",7,"https://www.gumtree.co.za/a-road-bikes/plumstead/gt-gtr-sport-road-bike/1009391181650910013334209",136
"137","https://www.gumtree.co.za/s-road-bikes/v1c9801p1page-7/v1c9801p7",7,"https://www.gumtree.co.za/a-road-bikes/bergvliet/fizik-r5-tempo-overcurve-uk12/1009257062860910033433709",137
"138","https://www.gumtree.co.za/s-road-bikes/v1c9801p1page-7/v1c9801p7",7,"https://www.gumtree.co.za/a-road-bikes/durbanville/2017-sl5-s+works-tarmac/1008595142430912518053309",138
"139","https://www.gumtree.co.za/s-road-bikes/v1c9801p1page-7/v1c9801p7",7,"https://www.gumtree.co.za/a-road-bikes/benoni/dirt-bike-for-kids/1009390922720912535277709",139
"140","https://www.gumtree.co.za/s-road-bikes/v1c9801p1page-7/v1c9801p7",7,"https://www.gumtree.co.za/a-road-bikes/centurion/bianchi-road-bike/1009390319130912856991709",140
"141","https://www.gumtree.co.za/s-road-bikes/v1c9801p1page-7/v1c9801p7",7,"https://www.gumtree.co.za/a-road-bikes/montague-gardens/2013-scott-speedster-s50-alloy-6061-custom-butted+-excellent-condition/1009389796600910258314209",141
"142","https://www.gumtree.co.za/s-road-bikes/v1c9801p1page-7/v1c9801p7",7,"https://www.gumtree.co.za/a-road-bikes/milnerton/silver-back-senza-24-bicycle/1009389571220911055967709",142
"143","https://www.gumtree.co.za/s-road-bikes/v1c9801p1page-7/v1c9801p7",7,"https://www.gumtree.co.za/a-road-bikes/other/roadbikes-+-various/1009109687980910186891309",143
"144","https://www.gumtree.co.za/s-road-bikes/v1c9801p1page-8/v1c9801p8",8,"https://www.gumtree.co.za/a-road-bikes/gordon-s-bay/roadster-electrical-scooter/1009389048930912672054409",144
"145","https://www.gumtree.co.za/s-road-bikes/v1c9801p1page-8/v1c9801p8",8,"https://www.gumtree.co.za/a-road-bikes/ballitoville/road-bike/1008669886810910207141309",145
"146","https://www.gumtree.co.za/s-road-bikes/v1c9801p1page-8/v1c9801p8",8,"https://www.gumtree.co.za/a-road-bikes/durbanville/giant-tcr-alliance-road-bike/1008057114470910779100209",146
"147","https://www.gumtree.co.za/s-road-bikes/v1c9801p1page-8/v1c9801p8",8,"https://www.gumtree.co.za/a-road-bikes/claremont-newlands/title-bianchi-road-bike-excellent-condition/1009087154490910992336909",147
"148","https://www.gumtree.co.za/s-road-bikes/v1c9801p1page-8/v1c9801p8",8,"https://www.gumtree.co.za/a-road-bikes/meadowridge/schauff-team-mallorca-aluminium-road-bike-size-52cm/1009110210630910013053609",148
"149","https://www.gumtree.co.za/s-road-bikes/v1c9801p1page-8/v1c9801p8",8,"https://www.gumtree.co.za/a-road-bikes/mosselbaai/scott-plasma/1009259301340910030014109",149
"150","https://www.gumtree.co.za/s-road-bikes/v1c9801p1page-8/v1c9801p8",8,"https://www.gumtree.co.za/a-road-bikes/bluff/raleigh-burner/1009387940440910275646009",150
"151","https://www.gumtree.co.za/s-road-bikes/v1c9801p1page-8/v1c9801p8",8,"https://www.gumtree.co.za/a-road-bikes/other/road-bike/1009388036060912691476609",151
"152","https://www.gumtree.co.za/s-road-bikes/v1c9801p1page-8/v1c9801p8",8,"https://www.gumtree.co.za/a-road-bikes/parklands/cycling-+-ad-posted-by-werner-louw/1009387844990912856382209",152
"153","https://www.gumtree.co.za/s-road-bikes/v1c9801p1page-8/v1c9801p8",8,"https://www.gumtree.co.za/a-road-bikes/pietermaritzburg/quad-bike/1009387995740911301283409",153
"154","https://www.gumtree.co.za/s-road-bikes/v1c9801p1page-8/v1c9801p8",8,"https://www.gumtree.co.za/a-road-bikes/berea-musgrave/cannondale-six13-56cm-carbon-aluminum-road/1009387847280910017342609",154
"155","https://www.gumtree.co.za/s-road-bikes/v1c9801p1page-8/v1c9801p8",8,"https://www.gumtree.co.za/a-road-bikes/menlyn-park/trek-road-bicycle/1009387534400910069525009",155
"156","https://www.gumtree.co.za/s-road-bikes/v1c9801p1page-8/v1c9801p8",8,"https://www.gumtree.co.za/a-road-bikes/menlyn-park/ice-cream-bike/1009387415040910177937809",156
"157","https://www.gumtree.co.za/s-road-bikes/v1c9801p1page-8/v1c9801p8",8,"https://www.gumtree.co.za/a-road-bikes/kalk-bay/2020-schwinn-cruiser-bicycle/1009387410710910236260209",157
"158","https://www.gumtree.co.za/s-road-bikes/v1c9801p1page-8/v1c9801p8",8,"https://www.gumtree.co.za/a-road-bikes/gordon-s-bay/shimano-electrical-bicycle/1009386580590912672054409",158
"159","https://www.gumtree.co.za/s-road-bikes/v1c9801p1page-8/v1c9801p8",8,"https://www.gumtree.co.za/a-road-bikes/bryanston/de-rosa-early-2000-s-model/1008823391180912775314109",159
"160","https://www.gumtree.co.za/s-road-bikes/v1c9801p1page-8/v1c9801p8",8,"https://www.gumtree.co.za/a-road-bikes/plattekloof/bicycle-stand/1009385688600910012663909",160
"161","https://www.gumtree.co.za/s-road-bikes/v1c9801p1page-8/v1c9801p8",8,"https://www.gumtree.co.za/a-road-bikes/parow/girls-bicycle/1009385792340910974181609",161
"162","https://www.gumtree.co.za/s-road-bikes/v1c9801p1page-8/v1c9801p8",8,"https://www.gumtree.co.za/a-road-bikes/mosselbaai/giant-compact-road-bike-ocr-3/1009384907770910165284609",162
"163","https://www.gumtree.co.za/s-road-bikes/v1c9801p1page-8/v1c9801p8",8,"https://www.gumtree.co.za/a-road-bikes/parow/single-speed-bicycle/1009092303150910007569009",163
"164","https://www.gumtree.co.za/s-road-bikes/v1c9801p1page-9/v1c9801p9",9,"https://www.gumtree.co.za/a-road-bikes/kloof/bicycle-+-ad-posted-by-mike-dewar/1009384312030910413394909",164
"165","https://www.gumtree.co.za/s-road-bikes/v1c9801p1page-9/v1c9801p9",9,"https://www.gumtree.co.za/a-road-bikes/boksburg/giant-bicycle/1009384264070910786789609",165
"166","https://www.gumtree.co.za/s-road-bikes/v1c9801p1page-9/v1c9801p9",9,"https://www.gumtree.co.za/a-road-bikes/other/mongoose-legion-2012/1009384197060912855221109",166
"167","https://www.gumtree.co.za/s-road-bikes/v1c9801p1page-9/v1c9801p9",9,"https://www.gumtree.co.za/a-road-bikes/other/merida-scultura-road-bike-for-sale/1009098855260910011955709",167
"168","https://www.gumtree.co.za/s-road-bikes/v1c9801p1page-9/v1c9801p9",9,"https://www.gumtree.co.za/a-road-bikes/secunda/tandem-scott-road-bicycle/1009253872750910204367909",168
"169","https://www.gumtree.co.za/s-road-bikes/v1c9801p1page-9/v1c9801p9",9,"https://www.gumtree.co.za/a-road-bikes/despatch/merida-road-bike-for-sale/1009382836500910003641609",169
"170","https://www.gumtree.co.za/s-road-bikes/v1c9801p1page-9/v1c9801p9",9,"https://www.gumtree.co.za/a-road-bikes/grassy-park/bicycle-+-ad-posted-by-craig/1009382856520912822787909",170
"171","https://www.gumtree.co.za/s-road-bikes/v1c9801p1page-9/v1c9801p9",9,"https://www.gumtree.co.za/a-road-bikes/mount-edgecombe/cannondale-r400-road-bike/1009382318350910830545709",171
"172","https://www.gumtree.co.za/s-road-bikes/v1c9801p1page-9/v1c9801p9",9,"https://www.gumtree.co.za/a-road-bikes/mitchell-s-plain/dunlop-bmx-bicycle/1009382148790911292458109",172
"173","https://www.gumtree.co.za/s-road-bikes/v1c9801p1page-9/v1c9801p9",9,"https://www.gumtree.co.za/a-road-bikes/sunningdale/fold-up-bicycle+-b+-twin-tilt-100+-20-in-good-condition/1009382047220910010625409",173
"174","https://www.gumtree.co.za/s-road-bikes/v1c9801p1page-9/v1c9801p9",9,"https://www.gumtree.co.za/a-road-bikes/other/trek-5200-ocvl-roadbike/1009382075480910784568909",174
"175","https://www.gumtree.co.za/s-road-bikes/v1c9801p1page-9/v1c9801p9",9,"https://www.gumtree.co.za/a-road-bikes/kuils-river/road-bike-crank-shimano-compact-50-34/1009381960160910005439609",175
"176","https://www.gumtree.co.za/s-road-bikes/v1c9801p1page-9/v1c9801p9",9,"https://www.gumtree.co.za/a-road-bikes/kuils-river/200grams-road-bike-brakes-+-fourier/1009381941160910005439609",176
"177","https://www.gumtree.co.za/s-road-bikes/v1c9801p1page-9/v1c9801p9",9,"https://www.gumtree.co.za/a-road-bikes/kenwyn/giant-propel-full-carbon/1009381322540911404097709",177
"178","https://www.gumtree.co.za/s-road-bikes/v1c9801p1page-9/v1c9801p9",9,"https://www.gumtree.co.za/a-road-bikes/woodmead/fat-bike-24-inch-+-bicycle/1009381146100910031372609",178
"179","https://www.gumtree.co.za/s-road-bikes/v1c9801p1page-9/v1c9801p9",9,"https://www.gumtree.co.za/a-road-bikes/pinelands/16-inch-girl-bicycle/1009380804130911037505609",179
"180","https://www.gumtree.co.za/s-road-bikes/v1c9801p1page-9/v1c9801p9",9,"https://www.gumtree.co.za/a-road-bikes/despatch/2019-merida-scultura-100/1009380623430910238353509",180
"181","https://www.gumtree.co.za/s-road-bikes/v1c9801p1page-9/v1c9801p9",9,"https://www.gumtree.co.za/a-road-bikes/port-elizabeth/giant-contend-1-+-large/1009380320560910420236709",181
"182","https://www.gumtree.co.za/s-road-bikes/v1c9801p1page-9/v1c9801p9",9,"https://www.gumtree.co.za/a-road-bikes/westville/beach-cruiser-bicycle-for-sale/1009379958800911191481709",182
"183","https://www.gumtree.co.za/s-road-bikes/v1c9801p1page-9/v1c9801p9",9,"https://www.gumtree.co.za/a-road-bikes/northcliff/pink-bicycle-with-training-wheels/1009380197450910447395709",183
"184","https://www.gumtree.co.za/s-road-bikes/v1c9801p1page-10/v1c9801p10",10,"https://www.gumtree.co.za/a-road-bikes/parow/formula-disc-brakes-good-overall-condition-r650/1009380033650910011557409",184
"185","https://www.gumtree.co.za/s-road-bikes/v1c9801p1page-10/v1c9801p10",10,"https://www.gumtree.co.za/a-road-bikes/port-elizabeth/silverback-monterey/1009379797540910391000609",185
"186","https://www.gumtree.co.za/s-road-bikes/v1c9801p1page-10/v1c9801p10",10,"https://www.gumtree.co.za/a-road-bikes/umhlanga/trek-madonne-5-5-sl/1009379932820910280900209",186
"187","https://www.gumtree.co.za/s-road-bikes/v1c9801p1page-10/v1c9801p10",10,"https://www.gumtree.co.za/a-road-bikes/crawford/imported-vintage-bicycles-beach-cruisers-mountain-bikes+/1003011147720910232698409",187
"188","https://www.gumtree.co.za/s-road-bikes/v1c9801p1page-10/v1c9801p10",10,"https://www.gumtree.co.za/a-road-bikes/highlands-north/bicycle-tri/1009182222270910279348609",188
"189","https://www.gumtree.co.za/s-road-bikes/v1c9801p1page-10/v1c9801p10",10,"https://www.gumtree.co.za/a-road-bikes/edgemead/gt-sportive-small-alu-road-bike-for-sale/1009249306680910200732509",189
"190","https://www.gumtree.co.za/s-road-bikes/v1c9801p1page-10/v1c9801p10",10,"https://www.gumtree.co.za/a-road-bikes/gardens/selling-my-caad8-cannondale-bicycle/1003606216800910202603209",190
"191","https://www.gumtree.co.za/s-road-bikes/v1c9801p1page-10/v1c9801p10",10,"https://www.gumtree.co.za/a-road-bikes/st-francis-bay/islabike-child-bicycle/1009378356500912855113309",191
"192","https://www.gumtree.co.za/s-road-bikes/v1c9801p1page-10/v1c9801p10",10,"https://www.gumtree.co.za/a-road-bikes/tokai/khs-flite-500/1009378744490910434311609",192
"193","https://www.gumtree.co.za/s-road-bikes/v1c9801p1page-10/v1c9801p10",10,"https://www.gumtree.co.za/a-road-bikes/riversdale/felt-b2-tt-bike-size-58/1009378755450912639787509",193
"194","https://www.gumtree.co.za/s-road-bikes/v1c9801p1page-10/v1c9801p10",10,"https://www.gumtree.co.za/a-road-bikes/somerset-west/saddle-bags/1008014863540911477378609",194
"195","https://www.gumtree.co.za/s-road-bikes/v1c9801p1page-10/v1c9801p10",10,"https://www.gumtree.co.za/a-road-bikes/higgovale/specialized-roubaix-comp/1009378298770910218394009",195
"196","https://www.gumtree.co.za/s-road-bikes/v1c9801p1page-10/v1c9801p10",10,"https://www.gumtree.co.za/a-road-bikes/berea-musgrave/coca-cola-collectors-bicycle-brand-new-condition/1009378152020911345873709",196
"197","https://www.gumtree.co.za/s-road-bikes/v1c9801p1page-10/v1c9801p10",10,"https://www.gumtree.co.za/a-road-bikes/fourways/swift-neurogen-including-wheels/1009378121240911380283109",197
"198","https://www.gumtree.co.za/s-road-bikes/v1c9801p1page-10/v1c9801p10",10,"https://www.gumtree.co.za/a-road-bikes/northern-pretoria/genesis-fxo-ravx-racing-bicycle-blue/1009377646850912826254209",198
"199","https://www.gumtree.co.za/s-road-bikes/v1c9801p1page-10/v1c9801p10",10,"https://www.gumtree.co.za/a-road-bikes/sea-point-three-anchor-bay/bianchi-reparto-corse-pantani-replica/1009377599890910028565609",199
"200","https://www.gumtree.co.za/s-road-bikes/v1c9801p1page-10/v1c9801p10",10,"https://www.gumtree.co.za/a-road-bikes/wellington/stunt-scooter/1009377622360912756688709",200
"201","https://www.gumtree.co.za/s-road-bikes/v1c9801p1page-10/v1c9801p10",10,"https://www.gumtree.co.za/a-road-bikes/benoni/merida-road-bike/1009377597220912855611609",201
"202","https://www.gumtree.co.za/s-road-bikes/v1c9801p1page-10/v1c9801p10",10,"https://www.gumtree.co.za/a-road-bikes/berea-musgrave/2021-specialized-allez-54/1009377241560910897298609",202
"203","https://www.gumtree.co.za/s-road-bikes/v1c9801p1page-10/v1c9801p10",10,"https://www.gumtree.co.za/a-road-bikes/kuils-river/mavic-open-pro-4-cd/1009376643460910005439609",203
"204","https://www.gumtree.co.za/s-road-bikes/v1c9801p1page-11/v1c9801p11",11,"https://www.gumtree.co.za/a-road-bikes/randpark-ridge/bike-rider-job/1009376427020912543914309",204
"205","https://www.gumtree.co.za/s-road-bikes/v1c9801p1page-11/v1c9801p11",11,"https://www.gumtree.co.za/a-road-bikes/durbanville/2017-sl5-s+works-tarmac-56cm/1008776248590912518053309",205
"206","https://www.gumtree.co.za/s-road-bikes/v1c9801p1page-11/v1c9801p11",11,"https://www.gumtree.co.za/a-road-bikes/kuils-river/bicycle-tyres/1009245921150910005439609",206
"207","https://www.gumtree.co.za/s-road-bikes/v1c9801p1page-11/v1c9801p11",11,"https://www.gumtree.co.za/a-road-bikes/port-elizabeth/for-sale-eddy-merckx-road-bicycle/1008320089730910004760609",207
"208","https://www.gumtree.co.za/s-road-bikes/v1c9801p1page-11/v1c9801p11",11,"https://www.gumtree.co.za/a-road-bikes/despatch/58-cm-xl-ktm-revelator-3300/1009375837960910022977409",208
"209","https://www.gumtree.co.za/s-road-bikes/v1c9801p1page-11/v1c9801p11",11,"https://www.gumtree.co.za/a-road-bikes/vanderbijlpark/giant-ocr2/1009375868650911306537309",209
"210","https://www.gumtree.co.za/s-road-bikes/v1c9801p1page-11/v1c9801p11",11,"https://www.gumtree.co.za/a-road-bikes/mbombela-nelspruit/zipp-tubular-808-and-404-combo/1009194528700910414043309",210
"211","https://www.gumtree.co.za/s-road-bikes/v1c9801p1page-11/v1c9801p11",11,"https://www.gumtree.co.za/a-road-bikes/pietermaritzburg/merida-road-bike-plus-free-merida-accessories/1005170229490910018856809",211
"212","https://www.gumtree.co.za/s-road-bikes/v1c9801p1page-11/v1c9801p11",11,"https://www.gumtree.co.za/a-road-bikes/parow/raaleigh-20-inch/1008654475680910031503709",212
"213","https://www.gumtree.co.za/s-road-bikes/v1c9801p1page-11/v1c9801p11",11,"https://www.gumtree.co.za/a-road-bikes/goodwood/kiddies-bmx/1009374222670910002220009",213
"214","https://www.gumtree.co.za/s-road-bikes/v1c9801p1page-11/v1c9801p11",11,"https://www.gumtree.co.za/a-road-bikes/crawford/genesis-super-32+inch-beach-cruiser-aluminium-r/1009374222380910232698409",214
"215","https://www.gumtree.co.za/s-road-bikes/v1c9801p1page-11/v1c9801p11",11,"https://www.gumtree.co.za/a-road-bikes/other/marcello-m-series-full-carbon-road-bike/1009373730670910323984609",215
"216","https://www.gumtree.co.za/s-road-bikes/v1c9801p1page-11/v1c9801p11",11,"https://www.gumtree.co.za/a-road-bikes/centurion/raleigh-raleigh-1000-21-speed/1009373565590912809840609",216
"217","https://www.gumtree.co.za/s-road-bikes/v1c9801p1page-11/v1c9801p11",11,"https://www.gumtree.co.za/a-road-bikes/port-elizabeth/raleigh-small-girls-bicycle/1009372376400912820865509",217
"218","https://www.gumtree.co.za/s-road-bikes/v1c9801p1page-11/v1c9801p11",11,"https://www.gumtree.co.za/a-road-bikes/grassy-park/bicycle-+-ad-posted-by-mishkah-simons/1009372231150912854845009",218
"219","https://www.gumtree.co.za/s-road-bikes/v1c9801p1page-11/v1c9801p11",11,"https://www.gumtree.co.za/a-road-bikes/sunninghill/eddy-merckx-amx-road-bike/1009371969540910066452209",219
"220","https://www.gumtree.co.za/s-road-bikes/v1c9801p1page-11/v1c9801p11",11,"https://www.gumtree.co.za/a-road-bikes/gardens/pre+loved-e+bikes-for-sale-+-european-style-+-step+through-+-great-condition/1008752303980912435336909",220
"221","https://www.gumtree.co.za/s-road-bikes/v1c9801p1page-11/v1c9801p11",11,"https://www.gumtree.co.za/a-road-bikes/milnerton/stylish-single-speed-bicycles-big-sale/1006400325180910001874009",221
"222","https://www.gumtree.co.za/s-road-bikes/v1c9801p1page-11/v1c9801p11",11,"https://www.gumtree.co.za/a-road-bikes/constantia/trek-madone-full-carbon-road-bike-for-sale/1009088655980911174160509",222
"223","https://www.gumtree.co.za/s-road-bikes/v1c9801p1page-11/v1c9801p11",11,"https://www.gumtree.co.za/a-road-bikes/port-elizabeth/zipp-carbon-bar/1009371362830910178737209",223
"224","https://www.gumtree.co.za/s-road-bikes/v1c9801p1page-12/v1c9801p12",12,"https://www.gumtree.co.za/a-road-bikes/port-elizabeth/scott-foil/1009371358880910178737209",224
"225","https://www.gumtree.co.za/s-road-bikes/v1c9801p1page-12/v1c9801p12",12,"https://www.gumtree.co.za/a-road-bikes/port-elizabeth/quintana-roo-tt/1009371366690910178737209",225
"226","https://www.gumtree.co.za/s-road-bikes/v1c9801p1page-12/v1c9801p12",12,"https://www.gumtree.co.za/a-road-bikes/port-elizabeth/raleigh-tt-sram-red/1009371372400910178737209",226
"227","https://www.gumtree.co.za/s-road-bikes/v1c9801p1page-12/v1c9801p12",12,"https://www.gumtree.co.za/a-road-bikes/port-elizabeth/scott-addict-20/1009371368410910178737209",227
"228","https://www.gumtree.co.za/s-road-bikes/v1c9801p1page-12/v1c9801p12",12,"https://www.gumtree.co.za/a-road-bikes/durban-north/raleigh-rc3000/1009370768530912853123009",228
"229","https://www.gumtree.co.za/s-road-bikes/v1c9801p1page-12/v1c9801p12",12,"https://www.gumtree.co.za/a-road-bikes/brackenfell/merida-race-lite-904/1009370731070910186109709",229
"230","https://www.gumtree.co.za/s-road-bikes/v1c9801p1page-12/v1c9801p12",12,"https://www.gumtree.co.za/a-road-bikes/mitchell-s-plain/bmx-go-easy/1009370390350912099551909",230
"231","https://www.gumtree.co.za/s-road-bikes/v1c9801p1page-12/v1c9801p12",12,"https://www.gumtree.co.za/a-road-bikes/despatch/carbon-road-wheels/1009370081820910362898209",231
"232","https://www.gumtree.co.za/s-road-bikes/v1c9801p1page-12/v1c9801p12",12,"https://www.gumtree.co.za/a-road-bikes/sea-point-three-anchor-bay/titan-road-bike/1009370182880910024740409",232
"233","https://www.gumtree.co.za/s-road-bikes/v1c9801p1page-12/v1c9801p12",12,"https://www.gumtree.co.za/a-road-bikes/port-elizabeth/road-bicycles/1009369533820912830656409",233
"234","https://www.gumtree.co.za/s-road-bikes/v1c9801p1page-12/v1c9801p12",12,"https://www.gumtree.co.za/a-road-bikes/hibiscus-coast/electric-bike-with-pedal-assist/1009369084750910004033509",234
"235","https://www.gumtree.co.za/s-road-bikes/v1c9801p1page-12/v1c9801p12",12,"https://www.gumtree.co.za/a-road-bikes/fish-hoek/produx-road-bike-+-sale-of-swop-for-smaller-bike/1009237252480910004903309",235
"236","https://www.gumtree.co.za/s-road-bikes/v1c9801p1page-12/v1c9801p12",12,"https://www.gumtree.co.za/a-road-bikes/northern-pretoria/dubble-wheel-chopper/1008377342020910376561309",236
"237","https://www.gumtree.co.za/s-road-bikes/v1c9801p1page-12/v1c9801p12",12,"https://www.gumtree.co.za/a-road-bikes/berea-musgrave/2x-mongoose-bikes-with-bike-rack/1009368020650910185899909",237
"238","https://www.gumtree.co.za/s-road-bikes/v1c9801p1page-12/v1c9801p12",12,"https://www.gumtree.co.za/a-road-bikes/langebaan/bicycle-12-inch-for-2-to-5-year-old/1008584593830910871673309",238
"239","https://www.gumtree.co.za/s-road-bikes/v1c9801p1page-12/v1c9801p12",12,"https://www.gumtree.co.za/a-road-bikes/elsie-s-river/bmx-bike/1009367965350912806700409",239
"240","https://www.gumtree.co.za/s-road-bikes/v1c9801p1page-12/v1c9801p12",12,"https://www.gumtree.co.za/a-road-bikes/goodwood/mongoose-kaldi-bicycle/1009053096180910004423209",240
"241","https://www.gumtree.co.za/s-road-bikes/v1c9801p1page-12/v1c9801p12",12,"https://www.gumtree.co.za/a-road-bikes/despatch/releigh-3000-full-carbon-pe-area/1009367413060910854817309",241
"242","https://www.gumtree.co.za/s-road-bikes/v1c9801p1page-12/v1c9801p12",12,"https://www.gumtree.co.za/a-road-bikes/bellville/schwinn-bicycle/1009367313290912760789409",242
"243","https://www.gumtree.co.za/s-road-bikes/v1c9801p1page-12/v1c9801p12",12,"https://www.gumtree.co.za/a-road-bikes/other/road-bicycle-for-sale/1008633911310910338198109",243
"244","https://www.gumtree.co.za/s-road-bikes/v1c9801p1page-13/v1c9801p13",13,"https://www.gumtree.co.za/a-road-bikes/port-elizabeth/triathlon-cycle-shoes/1009366818670910327309409",244
"245","https://www.gumtree.co.za/s-road-bikes/v1c9801p1page-13/v1c9801p13",13,"https://www.gumtree.co.za/a-road-bikes/blouberg/selle-san-marco-saddle-for-sale/1009235697420910173101909",245
"246","https://www.gumtree.co.za/s-road-bikes/v1c9801p1page-13/v1c9801p13",13,"https://www.gumtree.co.za/a-road-bikes/crawford/carbon-zipp-wheels-supper-light-fast-bargqin/1009366698450910020653109",246
"247","https://www.gumtree.co.za/s-road-bikes/v1c9801p1page-13/v1c9801p13",13,"https://www.gumtree.co.za/a-road-bikes/gordon-s-bay/scott-usa-adf-elite-road-bicycle-for-sale/1009366356470912672054409",247
"248","https://www.gumtree.co.za/s-road-bikes/v1c9801p1page-13/v1c9801p13",13,"https://www.gumtree.co.za/a-road-bikes/bloemfontein/jet-woof-2020-bmx-20-inch/1009365598890912842225609",248
"249","https://www.gumtree.co.za/s-road-bikes/v1c9801p1page-13/v1c9801p13",13,"https://www.gumtree.co.za/a-road-bikes/fourways/merida-reacto-8000-disc-di2/1009365393580910068467809",249
"250","https://www.gumtree.co.za/s-road-bikes/v1c9801p1page-13/v1c9801p13",13,"https://www.gumtree.co.za/a-road-bikes/drummond/mongoose-freestyle-bmx/1009364879380910198516409",250
"251","https://www.gumtree.co.za/s-road-bikes/v1c9801p1page-13/v1c9801p13",13,"https://www.gumtree.co.za/a-road-bikes/pietermaritzburg/tandem-bicycle/1008727828450910010891009",251
"252","https://www.gumtree.co.za/s-road-bikes/v1c9801p1page-13/v1c9801p13",13,"https://www.gumtree.co.za/a-road-bikes/blouberg/avalanche-dv8-trick-bike/1009364350660910163446909",252
"253","https://www.gumtree.co.za/s-road-bikes/v1c9801p1page-13/v1c9801p13",13,"https://www.gumtree.co.za/a-road-bikes/northern-pretoria/motorised-side-seat-bicycle/1006138096970910376561309",253
"254","https://www.gumtree.co.za/s-road-bikes/v1c9801p1page-13/v1c9801p13",13,"https://www.gumtree.co.za/a-road-bikes/woodstock/shwinn-corvette-beach-cruiser-bike/1009363290900911022929909",254
"255","https://www.gumtree.co.za/s-road-bikes/v1c9801p1page-13/v1c9801p13",13,"https://www.gumtree.co.za/a-road-bikes/johannesburg-cbd/beautiful-time-road-bike-for-sale/1009320048620912417417209",255
"256","https://www.gumtree.co.za/s-road-bikes/v1c9801p1page-13/v1c9801p13",13,"https://www.gumtree.co.za/a-road-bikes/brackenfell/cannondale-road-bike-for-sale/1009363039420910391554109",256
"257","https://www.gumtree.co.za/s-road-bikes/v1c9801p1page-13/v1c9801p13",13,"https://www.gumtree.co.za/a-road-bikes/springs/pinarello-replica-full-carbon/1009192111390910002051409",257
"258","https://www.gumtree.co.za/s-road-bikes/v1c9801p1page-13/v1c9801p13",13,"https://www.gumtree.co.za/a-road-bikes/east-london/two-bicycles-for-one-price/1009362667260912853074209",258
"259","https://www.gumtree.co.za/s-road-bikes/v1c9801p1page-13/v1c9801p13",13,"https://www.gumtree.co.za/a-road-bikes/other/brand-new-foldable-bicycle-5-available/1009362574300912452213109",259
"260","https://www.gumtree.co.za/s-road-bikes/v1c9801p1page-13/v1c9801p13",13,"https://www.gumtree.co.za/a-road-bikes/kuils-river/swop-canondale-3-0-aluminium-series-frame-for-wheelset/1009148161610910183454509",260
"261","https://www.gumtree.co.za/s-road-bikes/v1c9801p1page-13/v1c9801p13",13,"https://www.gumtree.co.za/a-road-bikes/tokai/bmw-motorcycle-top-box/1009361638440912722885609",261
"262","https://www.gumtree.co.za/s-road-bikes/v1c9801p1page-13/v1c9801p13",13,"https://www.gumtree.co.za/a-road-bikes/atlantis/re-road-bike-carrera-valour-alluminium-180-+-191l-54cm-2x9speed-12-26cassette-53-42chainrings/1009361403270911461773209",262
"263","https://www.gumtree.co.za/s-road-bikes/v1c9801p1page-13/v1c9801p13",13,"https://www.gumtree.co.za/a-road-bikes/gardens/giant-tcr-composite/1009359971040910001959909",263
"264","https://www.gumtree.co.za/s-road-bikes/v1c9801p1page-14/v1c9801p14",14,"https://www.gumtree.co.za/a-road-bikes/blouberg/cervelo-p3c-tt-bike-with-zipp-404-303-51cm-amp-zipp-disc/1009359669980910003650909",264
"265","https://www.gumtree.co.za/s-road-bikes/v1c9801p1page-14/v1c9801p14",14,"https://www.gumtree.co.za/a-road-bikes/midrand/r6-000-schwinn-tt-bike-for-triathlons/1009359380230910033310409",265
"266","https://www.gumtree.co.za/s-road-bikes/v1c9801p1page-14/v1c9801p14",14,"https://www.gumtree.co.za/a-road-bikes/melkbosstrand/time-trial-triathlon-argon-18-e119%252B-price-reduced-urgent-sale/1009222103010910004223709",266
"267","https://www.gumtree.co.za/s-road-bikes/v1c9801p1page-14/v1c9801p14",14,"https://www.gumtree.co.za/a-road-bikes/wynberg-plumstead/racing-bike/1008454336610912714412909",267
"268","https://www.gumtree.co.za/s-road-bikes/v1c9801p1page-14/v1c9801p14",14,"https://www.gumtree.co.za/a-road-bikes/crawford/large-56cm-silverback-arizona/1009357836400910180474109",268
"269","https://www.gumtree.co.za/s-road-bikes/v1c9801p1page-14/v1c9801p14",14,"https://www.gumtree.co.za/a-road-bikes/johannesburg-south/avalanche-+-ad-posted-by-sjaro/1009357595050910044218909",269
"270","https://www.gumtree.co.za/s-road-bikes/v1c9801p1page-14/v1c9801p14",14,"https://www.gumtree.co.za/a-road-bikes/langebaan/motorbike-helmet/1009357416400912487783909",270
"271","https://www.gumtree.co.za/s-road-bikes/v1c9801p1page-14/v1c9801p14",14,"https://www.gumtree.co.za/a-road-bikes/paarl/rare-cannondale-r4000/1009357284520912703175109",271
"272","https://www.gumtree.co.za/s-road-bikes/v1c9801p1page-14/v1c9801p14",14,"https://www.gumtree.co.za/a-road-bikes/durbanville/schwinn-fastback-carbon-large/1009357229690910415646509",272
"273","https://www.gumtree.co.za/s-road-bikes/v1c9801p1page-14/v1c9801p14",14,"https://www.gumtree.co.za/a-road-bikes/paarl/raleigh-carbon-racing-bike/1009357204910910195172709",273
"274","https://www.gumtree.co.za/s-road-bikes/v1c9801p1page-14/v1c9801p14",14,"https://www.gumtree.co.za/a-road-bikes/blue-downs/releigh-black-rc3000-road-bike-frame-xl-57cn-swop-for-small-road-bike-frame/1009357045970911455586109",274
"275","https://www.gumtree.co.za/s-road-bikes/v1c9801p1page-14/v1c9801p14",14,"https://www.gumtree.co.za/a-road-bikes/diep-river/red-marcello-carbon-road-bike-+-medium-+-r10-000/1009356476970912852450809",275
"276","https://www.gumtree.co.za/s-road-bikes/v1c9801p1page-14/v1c9801p14",14,"https://www.gumtree.co.za/a-road-bikes/queensburgh/bicycle-+-ad-posted-by-driesf/1009221975880910251394009",276
"277","https://www.gumtree.co.za/s-road-bikes/v1c9801p1page-14/v1c9801p14",14,"https://www.gumtree.co.za/a-road-bikes/berea-musgrave/giant-tcr1-carbon-road-bicycle/1009076748770910006991709",277
"278","https://www.gumtree.co.za/s-road-bikes/v1c9801p1page-14/v1c9801p14",14,"https://www.gumtree.co.za/a-road-bikes/somerset-west/fat-tire-electric-stand-up-bike-scooter/1009058760250910739790209",278
"279","https://www.gumtree.co.za/s-road-bikes/v1c9801p1page-14/v1c9801p14",14,"https://www.gumtree.co.za/a-road-bikes/city-centre/34-sold-roadbike-wheelset-araya-japan-shimanohubs/1009356128310912109494009",279
"280","https://www.gumtree.co.za/s-road-bikes/v1c9801p1page-14/v1c9801p14",14,"https://www.gumtree.co.za/a-road-bikes/crawford/imported-20inch-apollo-ivory-kiddies-cruiser-6-speed-+-r/1009355802270910232698409",280
"281","https://www.gumtree.co.za/s-road-bikes/v1c9801p1page-14/v1c9801p14",14,"https://www.gumtree.co.za/a-road-bikes/bergvliet/argon-18-size-51/1009355881250911153073109",281
"282","https://www.gumtree.co.za/s-road-bikes/v1c9801p1page-14/v1c9801p14",14,"https://www.gumtree.co.za/a-road-bikes/johannesburg-south/merida-reacto-500/1008883963870910179754209",282
"283","https://www.gumtree.co.za/s-road-bikes/v1c9801p1page-14/v1c9801p14",14,"https://www.gumtree.co.za/a-road-bikes/johannesburg-south/white-wall-bicycle-tyres-for-sale/1009220229060910012145109",283
"284","https://www.gumtree.co.za/s-road-bikes/v1c9801p1page-15/v1c9801p15",15,"https://www.gumtree.co.za/a-road-bikes/claremont-newlands/bicycle-+-ad-posted-by-maurice/1009355230950912432780509",284
"285","https://www.gumtree.co.za/s-road-bikes/v1c9801p1page-15/v1c9801p15",15,"https://www.gumtree.co.za/a-road-bikes/melville/mongoose-legion-stunt-bike/1009354946650911413742809",285
"286","https://www.gumtree.co.za/s-road-bikes/v1c9801p1page-15/v1c9801p15",15,"https://www.gumtree.co.za/a-road-bikes/strand/bicycle-tubes-mavic-21+25-622-hba/1009354610210910091868609",286
"287","https://www.gumtree.co.za/s-road-bikes/v1c9801p1page-15/v1c9801p15",15,"https://www.gumtree.co.za/a-road-bikes/mitchell-s-plain/rayleigh-racer/1009354562790911348583909",287
"288","https://www.gumtree.co.za/s-road-bikes/v1c9801p1page-15/v1c9801p15",15,"https://www.gumtree.co.za/a-road-bikes/parow/wanted-your-old-road-racing-bicycles/1002224711560911335319409",288
"289","https://www.gumtree.co.za/s-road-bikes/v1c9801p1page-15/v1c9801p15",15,"https://www.gumtree.co.za/a-road-bikes/other/we-want-your-unused-road-bicycles/1002230344390911335319409",289
"290","https://www.gumtree.co.za/s-road-bikes/v1c9801p1page-15/v1c9801p15",15,"https://www.gumtree.co.za/a-road-bikes/rondebosch/sram-rival-crankset/1009220111710910190570309",290
"291","https://www.gumtree.co.za/s-road-bikes/v1c9801p1page-15/v1c9801p15",15,"https://www.gumtree.co.za/a-road-bikes/mitchell-s-plain/road-bike-components/1009353264420910177883309",291
"292","https://www.gumtree.co.za/s-road-bikes/v1c9801p1page-15/v1c9801p15",15,"https://www.gumtree.co.za/a-road-bikes/brackenfell/raleigh-9-re6000-microsoft/1009193522770910001231009",292
"293","https://www.gumtree.co.za/s-road-bikes/v1c9801p1page-15/v1c9801p15",15,"https://www.gumtree.co.za/a-road-bikes/midrand/titan-stryker-sport-+-brand-new-road-bike/1008542650770910000979909",293
"294","https://www.gumtree.co.za/s-road-bikes/v1c9801p1page-15/v1c9801p15",15,"https://www.gumtree.co.za/a-road-bikes/other/single-speed-bike-sold/1009352531400910835421809",294
"295","https://www.gumtree.co.za/s-road-bikes/v1c9801p1page-15/v1c9801p15",15,"https://www.gumtree.co.za/a-road-bikes/somerset-west/raleigh-rc3000-roadbike-for-r3000/1009001670630910116248009",295
"296","https://www.gumtree.co.za/s-road-bikes/v1c9801p1page-15/v1c9801p15",15,"https://www.gumtree.co.za/a-road-bikes/tembisa/giant-road-bike/1009351324780912772644309",296
"297","https://www.gumtree.co.za/s-road-bikes/v1c9801p1page-15/v1c9801p15",15,"https://www.gumtree.co.za/a-road-bikes/other/chopper-bicycle/1009351055410910176675609",297
"298","https://www.gumtree.co.za/s-road-bikes/v1c9801p1page-15/v1c9801p15",15,"https://www.gumtree.co.za/a-road-bikes/tableview/giant-escape-women-39-s-road-bike-+-small-single-speed/1009350972650910006925909",298
"299","https://www.gumtree.co.za/s-road-bikes/v1c9801p1page-15/v1c9801p15",15,"https://www.gumtree.co.za/a-road-bikes/blouberg/ebike-kits/1009350370010910169150809",299
"300","https://www.gumtree.co.za/s-road-bikes/v1c9801p1page-15/v1c9801p15",15,"https://www.gumtree.co.za/a-road-bikes/century-city/my-road-cycle/1009350321810910324834009",300
"301","https://www.gumtree.co.za/s-road-bikes/v1c9801p1page-15/v1c9801p15",15,"https://www.gumtree.co.za/a-road-bikes/westville/2-road-bikes+-ridley-classic-and-raleigh-microsoft/1009350211130910929970009",301
"302","https://www.gumtree.co.za/s-road-bikes/v1c9801p1page-15/v1c9801p15",15,"https://www.gumtree.co.za/a-road-bikes/durbanville/scott-foil-road-bike-for-sale/1009350168340910028192809",302
"303","https://www.gumtree.co.za/s-road-bikes/v1c9801p1page-15/v1c9801p15",15,"https://www.gumtree.co.za/a-road-bikes/st-francis-bay/giant-tcr-advanced-2/1009349434700910016994709",303
"304","https://www.gumtree.co.za/s-road-bikes/v1c9801p1page-16/v1c9801p16",16,"https://www.gumtree.co.za/a-road-bikes/other/racer-bicycle-contact-jodi/1009213437450910364114109",304
"305","https://www.gumtree.co.za/s-road-bikes/v1c9801p1page-16/v1c9801p16",16,"https://www.gumtree.co.za/a-road-bikes/kuils-river/cannondale-chainset/1009348791160910005439609",305
"306","https://www.gumtree.co.za/s-road-bikes/v1c9801p1page-16/v1c9801p16",16,"https://www.gumtree.co.za/a-road-bikes/scottburgh/zipp-303-carbon-wheels/1009348810320910011308909",306
"307","https://www.gumtree.co.za/s-road-bikes/v1c9801p1page-16/v1c9801p16",16,"https://www.gumtree.co.za/a-road-bikes/green-point-waterfront/rook-race-ii-m/1009347620600910011162209",307
"308","https://www.gumtree.co.za/s-road-bikes/v1c9801p1page-16/v1c9801p16",16,"https://www.gumtree.co.za/a-road-bikes/kraaifontein/brakes-for-bicycle/1009347618480910050432909",308
"309","https://www.gumtree.co.za/s-road-bikes/v1c9801p1page-16/v1c9801p16",16,"https://www.gumtree.co.za/a-road-bikes/kraaifontein/giant-carbon-fork/1009347701050910050432909",309
"310","https://www.gumtree.co.za/s-road-bikes/v1c9801p1page-16/v1c9801p16",16,"https://www.gumtree.co.za/a-road-bikes/west-beach/ladies-bicycle-+-cld-colnago-team-addition/1009346940590911434625209",310
"311","https://www.gumtree.co.za/s-road-bikes/v1c9801p1page-16/v1c9801p16",16,"https://www.gumtree.co.za/a-road-bikes/mount-edgecombe/2x-beach-cruisers/1009346742690910190977009",311
"312","https://www.gumtree.co.za/s-road-bikes/v1c9801p1page-16/v1c9801p16",16,"https://www.gumtree.co.za/a-road-bikes/claremont-newlands/giant-fd806-6-speed-folding-bike-carry-bag/1009346728000910083378009",312
"313","https://www.gumtree.co.za/s-road-bikes/v1c9801p1page-16/v1c9801p16",16,"https://www.gumtree.co.za/a-road-bikes/johannesburg-cbd/black-red-bmx-bicycle/1008645814780912755453009",313
"314","https://www.gumtree.co.za/s-road-bikes/v1c9801p1page-16/v1c9801p16",16,"https://www.gumtree.co.za/a-road-bikes/port-elizabeth/unisex-fashion-mouth-face-mask-health-adult-anti+dust-bicycle-motorbike/1002133633320910030818409",314
"315","https://www.gumtree.co.za/s-road-bikes/v1c9801p1page-16/v1c9801p16",16,"https://www.gumtree.co.za/a-road-bikes/evaton/bicycles-stunt-totem/1009346000550910207242509",315
"316","https://www.gumtree.co.za/s-road-bikes/v1c9801p1page-16/v1c9801p16",16,"https://www.gumtree.co.za/a-road-bikes/komatipoort/scott-road-bike/1008222779720910009805709",316
"317","https://www.gumtree.co.za/s-road-bikes/v1c9801p1page-16/v1c9801p16",16,"https://www.gumtree.co.za/a-road-bikes/port-elizabeth/tt-felt-b-16/1009208746580910327453809",317
"318","https://www.gumtree.co.za/s-road-bikes/v1c9801p1page-16/v1c9801p16",16,"https://www.gumtree.co.za/a-road-bikes/wellington/grind-ralls/1009344774690912756688709",318
"319","https://www.gumtree.co.za/s-road-bikes/v1c9801p1page-16/v1c9801p16",16,"https://www.gumtree.co.za/a-road-bikes/benoni/vintage-racer-that-will-turn-heads-r4650/1009022469720910251339509",319
"320","https://www.gumtree.co.za/s-road-bikes/v1c9801p1page-16/v1c9801p16",16,"https://www.gumtree.co.za/a-road-bikes/bluff/bicycle-r400-r200-if-u-pick-up-today/1009342921480912848062809",320
"321","https://www.gumtree.co.za/s-road-bikes/v1c9801p1page-16/v1c9801p16",16,"https://www.gumtree.co.za/a-road-bikes/fourways/raleigh-rc4500-bicycle/1009343126210910870584509",321
"322","https://www.gumtree.co.za/s-road-bikes/v1c9801p1page-16/v1c9801p16",16,"https://www.gumtree.co.za/a-road-bikes/kraaifontein/full-carbon-road-bike-for-sale/1009163254430910850270809",322
"323","https://www.gumtree.co.za/s-road-bikes/v1c9801p1page-16/v1c9801p16",16,"https://www.gumtree.co.za/a-road-bikes/centurion/schwinn-voyageur-700c-mens-hybrid-bike-and-trainer/1009341978440910012918109",323
"324","https://www.gumtree.co.za/s-road-bikes/v1c9801p1page-17/v1c9801p17",17,"https://www.gumtree.co.za/a-road-bikes/crawford/orbea-semi-carbon-racer-ultegra-components-small-51cm-+r/1009341213840910232698409",324
"325","https://www.gumtree.co.za/s-road-bikes/v1c9801p1page-17/v1c9801p17",17,"https://www.gumtree.co.za/a-road-bikes/bellville/giant-ocr-road-bike/1009340242890911384718609",325
"326","https://www.gumtree.co.za/s-road-bikes/v1c9801p1page-17/v1c9801p17",17,"https://www.gumtree.co.za/a-road-bikes/other/bicycle-+-ad-posted-by-g%25C3%25BCnther-m%25C3%25BCller/1009340282800910226355109",326
"327","https://www.gumtree.co.za/s-road-bikes/v1c9801p1page-17/v1c9801p17",17,"https://www.gumtree.co.za/a-road-bikes/benoni/peugeot-road-bike/1009339885570910351083309",327
"328","https://www.gumtree.co.za/s-road-bikes/v1c9801p1page-17/v1c9801p17",17,"https://www.gumtree.co.za/a-road-bikes/tableview/road-bike-+-orbea-with-carbon-parts/1006224037950910000070409",328
"329","https://www.gumtree.co.za/s-road-bikes/v1c9801p1page-17/v1c9801p17",17,"https://www.gumtree.co.za/a-road-bikes/illovo/kuwahara-nova-series-pro-bmx/1009339559170910007348309",329
"330","https://www.gumtree.co.za/s-road-bikes/v1c9801p1page-17/v1c9801p17",17,"https://www.gumtree.co.za/a-road-bikes/langa/skate-board-needs-wheels/1009339047780912719639009",330
"331","https://www.gumtree.co.za/s-road-bikes/v1c9801p1page-17/v1c9801p17",17,"https://www.gumtree.co.za/a-road-bikes/chatsworth/bicycle-for-sale/1009338941860912849862209",331
"332","https://www.gumtree.co.za/s-road-bikes/v1c9801p1page-17/v1c9801p17",17,"https://www.gumtree.co.za/a-road-bikes/bryanston/farr-gravel-bike-11sp-ultegra-hydraulic-brakes/1009338533310911290853209",332
"333","https://www.gumtree.co.za/s-road-bikes/v1c9801p1page-17/v1c9801p17",17,"https://www.gumtree.co.za/a-road-bikes/parklands/raleigh-20-bike/1009338509140910008866009",333
"334","https://www.gumtree.co.za/s-road-bikes/v1c9801p1page-17/v1c9801p17",17,"https://www.gumtree.co.za/a-road-bikes/katlehong/105-derailleur/1009169792530910874464209",334
"335","https://www.gumtree.co.za/s-road-bikes/v1c9801p1page-17/v1c9801p17",17,"https://www.gumtree.co.za/a-road-bikes/katlehong/shimano-105/1009170087030910874464209",335
"336","https://www.gumtree.co.za/s-road-bikes/v1c9801p1page-17/v1c9801p17",17,"https://www.gumtree.co.za/a-road-bikes/aliwal-north/avalanche-female-bicycle-for-sale/1009336403980910348924909",336
"337","https://www.gumtree.co.za/s-road-bikes/v1c9801p1page-17/v1c9801p17",17,"https://www.gumtree.co.za/a-road-bikes/parow/collection-of-racing-bicycles/1006565378170910003442009",337
"338","https://www.gumtree.co.za/s-road-bikes/v1c9801p1page-17/v1c9801p17",17,"https://www.gumtree.co.za/a-road-bikes/plumstead/specialized-allez-e5-2017-large-56cm/1008709583490910009860209",338
"339","https://www.gumtree.co.za/s-road-bikes/v1c9801p1page-17/v1c9801p17",17,"https://www.gumtree.co.za/a-road-bikes/port-elizabeth/scott-addict-30/1008892121020910076018909",339
"340","https://www.gumtree.co.za/s-road-bikes/v1c9801p1page-17/v1c9801p17",17,"https://www.gumtree.co.za/a-road-bikes/kraaifontein/microsoft-raleigh-56cm-road-bike-%252B-size-8-ryder-road-shoes/1009335978470910037552009",340
"341","https://www.gumtree.co.za/s-road-bikes/v1c9801p1page-17/v1c9801p17",17,"https://www.gumtree.co.za/a-road-bikes/alberton/merida-road-880-bike/1009335850180910207987609",341
"342","https://www.gumtree.co.za/s-road-bikes/v1c9801p1page-17/v1c9801p17",17,"https://www.gumtree.co.za/a-road-bikes/despatch/cannondale-cad2-r200/1009335606800910025792809",342
"343","https://www.gumtree.co.za/s-road-bikes/v1c9801p1page-17/v1c9801p17",17,"https://www.gumtree.co.za/a-road-bikes/johannesburg-south/cervelo-3t-9-speed/1009335840670911293738909",343
"344","https://www.gumtree.co.za/s-road-bikes/v1c9801p1page-18/v1c9801p18",18,"https://www.gumtree.co.za/a-road-bikes/benoni/bicycle-for-sale/1009335832720910389599409",344
"345","https://www.gumtree.co.za/s-road-bikes/v1c9801p1page-18/v1c9801p18",18,"https://www.gumtree.co.za/a-road-bikes/arcadia/simple-sam-bicycle/1009194549570910014471309",345
"346","https://www.gumtree.co.za/s-road-bikes/v1c9801p1page-18/v1c9801p18",18,"https://www.gumtree.co.za/a-road-bikes/northern-pretoria/schwinn-bicycle-+-vintage/1009334999530910234910609",346
"347","https://www.gumtree.co.za/s-road-bikes/v1c9801p1page-18/v1c9801p18",18,"https://www.gumtree.co.za/a-road-bikes/roodepoort/bmx-free-agent/1009334205560912448694609",347
"348","https://www.gumtree.co.za/s-road-bikes/v1c9801p1page-18/v1c9801p18",18,"https://www.gumtree.co.za/a-road-bikes/wellington/scott-road-bike/1009334088140910018918409",348
"349","https://www.gumtree.co.za/s-road-bikes/v1c9801p1page-18/v1c9801p18",18,"https://www.gumtree.co.za/a-road-bikes/retreat/mr-timmie/1009107321600910212064809",349
"350","https://www.gumtree.co.za/s-road-bikes/v1c9801p1page-18/v1c9801p18",18,"https://www.gumtree.co.za/a-road-bikes/somerset-west/bicycle-cruiser-stlye/1009332588480911359213009",350
"351","https://www.gumtree.co.za/s-road-bikes/v1c9801p1page-18/v1c9801p18",18,"https://www.gumtree.co.za/a-road-bikes/knysna/jeep-e+bike/1009331911210910438473909",351
"352","https://www.gumtree.co.za/s-road-bikes/v1c9801p1page-18/v1c9801p18",18,"https://www.gumtree.co.za/a-road-bikes/tembisa/giant-road-bike/1009331009220912772644309",352
"353","https://www.gumtree.co.za/s-road-bikes/v1c9801p1page-18/v1c9801p18",18,"https://www.gumtree.co.za/a-road-bikes/bloemfontein/felt-roadbike/1009162966200911024857809",353
"354","https://www.gumtree.co.za/s-road-bikes/v1c9801p1page-18/v1c9801p18",18,"https://www.gumtree.co.za/a-road-bikes/bedfordview/new-a+bike-city-fold-up-bike/1007931154000910442986209",354
"355","https://www.gumtree.co.za/s-road-bikes/v1c9801p1page-18/v1c9801p18",18,"https://www.gumtree.co.za/a-road-bikes/blouberg/road-bike-ridley-compact-frame/1009329981290910102846309",355
"356","https://www.gumtree.co.za/s-road-bikes/v1c9801p1page-18/v1c9801p18",18,"https://www.gumtree.co.za/a-road-bikes/george/rook-1-road-bicycle/1009329472750912521078209",356
"357","https://www.gumtree.co.za/s-road-bikes/v1c9801p1page-18/v1c9801p18",18,"https://www.gumtree.co.za/a-road-bikes/mdantsane/raleigh-bicycle/1009040532350911315268209",357
"358","https://www.gumtree.co.za/s-road-bikes/v1c9801p1page-18/v1c9801p18",18,"https://www.gumtree.co.za/a-road-bikes/pietermaritzburg/200cc-quad-bike/1009329394760911301283409",358
"359","https://www.gumtree.co.za/s-road-bikes/v1c9801p1page-18/v1c9801p18",18,"https://www.gumtree.co.za/a-road-bikes/century-city/genuine-leather-motorcycle-jackets/1009328668290912666319009",359
"360","https://www.gumtree.co.za/s-road-bikes/v1c9801p1page-18/v1c9801p18",18,"https://www.gumtree.co.za/a-road-bikes/despatch/scott-plasma-pro-tri-bike/1008439718310912725218709",360
"361","https://www.gumtree.co.za/s-road-bikes/v1c9801p1page-18/v1c9801p18",18,"https://www.gumtree.co.za/a-road-bikes/kuils-river/gt-compe-4130/1009327788170910183157609",361
"362","https://www.gumtree.co.za/s-road-bikes/v1c9801p1page-18/v1c9801p18",18,"https://www.gumtree.co.za/a-road-bikes/crawford/restored-imported-vintage-beach-cruiser-straight-bar-+-r/1009327037570910232698409",362
"363","https://www.gumtree.co.za/s-road-bikes/v1c9801p1page-18/v1c9801p18",18,"https://www.gumtree.co.za/a-road-bikes/kuils-river/boys-bicycle/1009152498050911292046809",363
"364","https://www.gumtree.co.za/s-road-bikes/v1c9801p1page-19/v1c9801p19",19,"https://www.gumtree.co.za/a-road-bikes/crawford/made-to-order-motorized-bicycles-r/1001844259840910232698409",364
"365","https://www.gumtree.co.za/s-road-bikes/v1c9801p1page-19/v1c9801p19",19,"https://www.gumtree.co.za/a-road-bikes/despatch/trek-madone-road-bike/1009326032220912607923009",365
"366","https://www.gumtree.co.za/s-road-bikes/v1c9801p1page-19/v1c9801p19",19,"https://www.gumtree.co.za/a-road-bikes/despatch/giant-tcr-2-compact-road-frame-medium/1009190756590910072241109",366
"367","https://www.gumtree.co.za/s-road-bikes/v1c9801p1page-19/v1c9801p19",19,"https://www.gumtree.co.za/a-road-bikes/blue-downs/raleigh-bicycle-pump/1008433652030910419135809",367
"368","https://www.gumtree.co.za/s-road-bikes/v1c9801p1page-19/v1c9801p19",19,"https://www.gumtree.co.za/a-road-bikes/kingsborough/16-bmx-bike-girls/1008654475530910029633909",368
"369","https://www.gumtree.co.za/s-road-bikes/v1c9801p1page-19/v1c9801p19",19,"https://www.gumtree.co.za/a-road-bikes/sandton/time-carbon-rxrs-super-record-11-speed/1008813677330910925239909",369
"370","https://www.gumtree.co.za/s-road-bikes/v1c9801p1page-19/v1c9801p19",19,"https://www.gumtree.co.za/a-road-bikes/kraaifontein/microsoft-raleigh-56cm-road-bike-and-ryder-road-shoes-for-sale/1009067553660910013635809",370
"371","https://www.gumtree.co.za/s-road-bikes/v1c9801p1page-19/v1c9801p19",19,"https://www.gumtree.co.za/a-road-bikes/northgate/cannondale-supersix-3-carbon-58cm/1009324675270910177172109",371
"372","https://www.gumtree.co.za/s-road-bikes/v1c9801p1page-19/v1c9801p19",19,"https://www.gumtree.co.za/a-road-bikes/tamboerskloof/nishiki-voyager-women-s-bicycle/1009324785210910205329909",372
"373","https://www.gumtree.co.za/s-road-bikes/v1c9801p1page-19/v1c9801p19",19,"https://www.gumtree.co.za/a-road-bikes/tamboerskloof/rennrad-starter-bicycle/1009324739510910205329909",373
"374","https://www.gumtree.co.za/s-road-bikes/v1c9801p1page-19/v1c9801p19",19,"https://www.gumtree.co.za/a-road-bikes/paarl/original-vintage-bicycle/1009324634690910354472209",374
"375","https://www.gumtree.co.za/s-road-bikes/v1c9801p1page-19/v1c9801p19",19,"https://www.gumtree.co.za/a-road-bikes/sandton/specialized-s+works-11speed+6-8kg-full-carbon/1009324603280910845710009",375
"376","https://www.gumtree.co.za/s-road-bikes/v1c9801p1page-19/v1c9801p19",19,"https://www.gumtree.co.za/a-road-bikes/highlands-north/carbon-racing-bike/1009324234040912842741409",376
"377","https://www.gumtree.co.za/s-road-bikes/v1c9801p1page-19/v1c9801p19",19,"https://www.gumtree.co.za/a-road-bikes/rondebosch/bike-+-ad-posted-by-ivan-pretorius/1009323869080912637838309",377
"378","https://www.gumtree.co.za/s-road-bikes/v1c9801p1page-19/v1c9801p19",19,"https://www.gumtree.co.za/a-road-bikes/other/bicycle-for-sale/1009323297650911236136009",378
"379","https://www.gumtree.co.za/s-road-bikes/v1c9801p1page-19/v1c9801p19",19,"https://www.gumtree.co.za/a-road-bikes/paarl/road-bicycle/1009323157730910039862309",379
"380","https://www.gumtree.co.za/s-road-bikes/v1c9801p1page-19/v1c9801p19",19,"https://www.gumtree.co.za/a-road-bikes/bluff/totem-c+-303/1009321717710910067760109",380
"381","https://www.gumtree.co.za/s-road-bikes/v1c9801p1page-19/v1c9801p19",19,"https://www.gumtree.co.za/a-road-bikes/despatch/trek-madone/1009321445510912607923009",381
"382","https://www.gumtree.co.za/s-road-bikes/v1c9801p1page-19/v1c9801p19",19,"https://www.gumtree.co.za/a-road-bikes/muizenberg/avalanche-bmx/1009320466900911327559809",382
"383","https://www.gumtree.co.za/s-road-bikes/v1c9801p1page-19/v1c9801p19",19,"https://www.gumtree.co.za/a-road-bikes/swellendam/hansom-road-racer-+-reduced-by-r1000/1009320857740910905300909",383
"384","https://www.gumtree.co.za/s-road-bikes/v1c9801p1page-20/v1c9801p20",20,"https://www.gumtree.co.za/a-road-bikes/benoni/le-turbo-road-bike/1009320315410912846098509",384
"385","https://www.gumtree.co.za/s-road-bikes/v1c9801p1page-20/v1c9801p20",20,"https://www.gumtree.co.za/a-road-bikes/northern-pretoria/protea-vintage-bicycle/1002947077020910376561309",385
"386","https://www.gumtree.co.za/s-road-bikes/v1c9801p1page-20/v1c9801p20",20,"https://www.gumtree.co.za/a-road-bikes/northern-pretoria/customised-bicycles/1007994051390910376561309",386
"387","https://www.gumtree.co.za/s-road-bikes/v1c9801p1page-20/v1c9801p20",20,"https://www.gumtree.co.za/a-road-bikes/bellville/peugeot-10-origin-tourer-with-baby-seat/1009173664380910361586609",387
"388","https://www.gumtree.co.za/s-road-bikes/v1c9801p1page-20/v1c9801p20",20,"https://www.gumtree.co.za/a-road-bikes/chatsworth/lightspeed-ls+hb02-aerofoil/1009319597140912845081209",388
"389","https://www.gumtree.co.za/s-road-bikes/v1c9801p1page-20/v1c9801p20",20,"https://www.gumtree.co.za/a-road-bikes/port-elizabeth/raleigh-rc6000-large/1009177308440910234687809",389
"390","https://www.gumtree.co.za/s-road-bikes/v1c9801p1page-20/v1c9801p20",20,"https://www.gumtree.co.za/a-road-bikes/hartbeespoort/vintage-motorcycle-metal-signs/1009319034470912448726009",390
"391","https://www.gumtree.co.za/s-road-bikes/v1c9801p1page-20/v1c9801p20",20,"https://www.gumtree.co.za/a-road-bikes/kuils-river/road-hubs-20h/1009318300960910005439609",391
"392","https://www.gumtree.co.za/s-road-bikes/v1c9801p1page-20/v1c9801p20",20,"https://www.gumtree.co.za/a-road-bikes/buh-rein/ladies-bike/1009318300840910009628909",392
"393","https://www.gumtree.co.za/s-road-bikes/v1c9801p1page-20/v1c9801p20",20,"https://www.gumtree.co.za/a-road-bikes/hibiscus-coast/fondriest-road-bike/1009029511980912453097709",393
"394","https://www.gumtree.co.za/s-road-bikes/v1c9801p1page-20/v1c9801p20",20,"https://www.gumtree.co.za/a-road-bikes/other/shoes-for-sale/1009318076060911236136009",394
"395","https://www.gumtree.co.za/s-road-bikes/v1c9801p1page-20/v1c9801p20",20,"https://www.gumtree.co.za/a-road-bikes/gardens/vintage-bicycle/1009318019670911408119809",395
"396","https://www.gumtree.co.za/s-road-bikes/v1c9801p1page-20/v1c9801p20",20,"https://www.gumtree.co.za/a-road-bikes/other/raleigh-eclipse-bicycle/1009317401170912666677809",396
"397","https://www.gumtree.co.za/s-road-bikes/v1c9801p1page-20/v1c9801p20",20,"https://www.gumtree.co.za/a-road-bikes/hout-bay/refurbished-vintage-tandem-blue/1009316821760912407214009",397
"398","https://www.gumtree.co.za/s-road-bikes/v1c9801p1page-20/v1c9801p20",20,"https://www.gumtree.co.za/a-road-bikes/salt-river/trek-1000-alpha-series-frame-only-58cm/1009316786010911113660709",398
"399","https://www.gumtree.co.za/s-road-bikes/v1c9801p1page-20/v1c9801p20",20,"https://www.gumtree.co.za/a-road-bikes/george/mongoose-bmx-for-sale/1009316451660912455690009",399
"400","https://www.gumtree.co.za/s-road-bikes/v1c9801p1page-20/v1c9801p20",20,"https://www.gumtree.co.za/a-road-bikes/northgate/xsmall-tri-bicycle/1008940083520910177172109",400
"401","https://www.gumtree.co.za/s-road-bikes/v1c9801p1page-20/v1c9801p20",20,"https://www.gumtree.co.za/a-road-bikes/northgate/simple-sam/1008784225110910177172109",401
"402","https://www.gumtree.co.za/s-road-bikes/v1c9801p1page-20/v1c9801p20",20,"https://www.gumtree.co.za/a-road-bikes/milnerton/for-sale-avalanche-e+bike-2020-model/1009315960860910105388309",402
"403","https://www.gumtree.co.za/s-road-bikes/v1c9801p1page-20/v1c9801p20",20,"https://www.gumtree.co.za/a-road-bikes/randburg/road-bike/1009315978120912845886309",403
"404","https://www.gumtree.co.za/s-road-bikes/v1c9801p1page-21/v1c9801p21",21,"https://www.gumtree.co.za/a-road-bikes/other/bicycle-+-ad-posted-by-edgard-tiapani/1009315988830911236136009",404
"405","https://www.gumtree.co.za/s-road-bikes/v1c9801p1page-21/v1c9801p21",21,"https://www.gumtree.co.za/a-road-bikes/berea-musgrave/girls-bicycle/1009315725430910368584909",405
"406","https://www.gumtree.co.za/s-road-bikes/v1c9801p1page-21/v1c9801p21",21,"https://www.gumtree.co.za/a-road-bikes/hout-bay/tandem-road-bike-raleigh-t6000-shimano-105-shifters-and-cassette/1009315677700910359588409",406
"407","https://www.gumtree.co.za/s-road-bikes/v1c9801p1page-21/v1c9801p21",21,"https://www.gumtree.co.za/a-road-bikes/parow/we-buy-road-bicycles/1002253618730911335319409",407
"408","https://www.gumtree.co.za/s-road-bikes/v1c9801p1page-21/v1c9801p21",21,"https://www.gumtree.co.za/a-road-bikes/morningside/racing-bike/1009315223760910330271809",408
"409","https://www.gumtree.co.za/s-road-bikes/v1c9801p1page-21/v1c9801p21",21,"https://www.gumtree.co.za/a-road-bikes/milnerton/apollo-bike/1009171030040910323758909",409
"410","https://www.gumtree.co.za/s-road-bikes/v1c9801p1page-21/v1c9801p21",21,"https://www.gumtree.co.za/a-road-bikes/chatsworth/bicycle-+-ad-posted-by-mohammed-ziyaad-sheik/1009314995320912664799709",410
"411","https://www.gumtree.co.za/s-road-bikes/v1c9801p1page-21/v1c9801p21",21,"https://www.gumtree.co.za/a-road-bikes/simon-s-town/trek-madone-racing/1009313612800911255300709",411
"412","https://www.gumtree.co.za/s-road-bikes/v1c9801p1page-21/v1c9801p21",21,"https://www.gumtree.co.za/a-road-bikes/polokwane-pietersburg/quintana-roo-carbon-tt-bike-for-sale/1009313265230910078844709",412
"413","https://www.gumtree.co.za/s-road-bikes/v1c9801p1page-21/v1c9801p21",21,"https://www.gumtree.co.za/a-road-bikes/durbanville/giant-propel-adv-pro-0-+-medium-54/1009171543300910169313109",413
"414","https://www.gumtree.co.za/s-road-bikes/v1c9801p1page-21/v1c9801p21",21,"https://www.gumtree.co.za/a-road-bikes/kuils-river/bianchi-carbon-road-bike/1009172865080910005439609",414
"415","https://www.gumtree.co.za/s-road-bikes/v1c9801p1page-21/v1c9801p21",21,"https://www.gumtree.co.za/a-road-bikes/kempton-park/giant-road-bike/1009313066440912772644309",415
"416","https://www.gumtree.co.za/s-road-bikes/v1c9801p1page-21/v1c9801p21",21,"https://www.gumtree.co.za/a-road-bikes/wellington/gents-bicycle/1008957325920910004087709",416
"417","https://www.gumtree.co.za/s-road-bikes/v1c9801p1page-21/v1c9801p21",21,"https://www.gumtree.co.za/a-road-bikes/wellington/vitus-classic-roadbike/1007543803680910004087709",417
"418","https://www.gumtree.co.za/s-road-bikes/v1c9801p1page-21/v1c9801p21",21,"https://www.gumtree.co.za/a-road-bikes/wellington/touring-gents-bicycle/1008902376680910004087709",418
"419","https://www.gumtree.co.za/s-road-bikes/v1c9801p1page-21/v1c9801p21",21,"https://www.gumtree.co.za/a-road-bikes/wellington/ladies-city-bicycle/1008957612150910004087709",419
"420","https://www.gumtree.co.za/s-road-bikes/v1c9801p1page-21/v1c9801p21",21,"https://www.gumtree.co.za/a-road-bikes/elsie-s-river/bike-part/1009312153540912834985009",420
"421","https://www.gumtree.co.za/s-road-bikes/v1c9801p1page-21/v1c9801p21",21,"https://www.gumtree.co.za/a-road-bikes/bellville/80s-raleigh-burner-bmx/1009312150960910003832609",421
"422","https://www.gumtree.co.za/s-road-bikes/v1c9801p1page-21/v1c9801p21",21,"https://www.gumtree.co.za/a-road-bikes/tableview/step-scooter-from-uk/1009311496780910167611509",422
"423","https://www.gumtree.co.za/s-road-bikes/v1c9801p1page-21/v1c9801p21",21,"https://www.gumtree.co.za/a-road-bikes/diep-river/2020-trek-emonda-sl-5-disc/1009311333610910059343209",423
"424","https://www.gumtree.co.za/s-road-bikes/v1c9801p1page-22/v1c9801p22",22,"https://www.gumtree.co.za/a-road-bikes/diep-river/2020-trek-emonda-sl-5-carbon/1009311333440910059343209",424
"425","https://www.gumtree.co.za/s-road-bikes/v1c9801p1page-22/v1c9801p22",22,"https://www.gumtree.co.za/a-road-bikes/diep-river/2018-giant-contend-sl-1-52cm-small/1009311159870910059343209",425
"426","https://www.gumtree.co.za/s-road-bikes/v1c9801p1page-22/v1c9801p22",22,"https://www.gumtree.co.za/a-road-bikes/crawford/mongoose-bmx/1009310802950911475179909",426
"427","https://www.gumtree.co.za/s-road-bikes/v1c9801p1page-22/v1c9801p22",22,"https://www.gumtree.co.za/a-road-bikes/westville/avalanche-bicycle-24/1009310744950910003930309",427
"428","https://www.gumtree.co.za/s-road-bikes/v1c9801p1page-22/v1c9801p22",22,"https://www.gumtree.co.za/a-road-bikes/mbombela-nelspruit/bicycle-+-ad-posted-by-linkair/1008850517570910010775109",428
"429","https://www.gumtree.co.za/s-road-bikes/v1c9801p1page-22/v1c9801p22",22,"https://www.gumtree.co.za/a-road-bikes/berea-musgrave/bicycles-for-sale-dunlop-and-fuji/1009123864050911452908109",429
"430","https://www.gumtree.co.za/s-road-bikes/v1c9801p1page-22/v1c9801p22",22,"https://www.gumtree.co.za/a-road-bikes/east-london/ultegra-10-speed-cassette/1009307273200912680458009",430
"431","https://www.gumtree.co.za/s-road-bikes/v1c9801p1page-22/v1c9801p22",22,"https://www.gumtree.co.za/a-road-bikes/blouberg/selle-italia-carbonia-racing-saddle/1009306045520910173101909",431
"432","https://www.gumtree.co.za/s-road-bikes/v1c9801p1page-22/v1c9801p22",22,"https://www.gumtree.co.za/a-road-bikes/blouberg/itm-carbon-stem/1009306030550910173101909",432
"433","https://www.gumtree.co.za/s-road-bikes/v1c9801p1page-22/v1c9801p22",22,"https://www.gumtree.co.za/a-road-bikes/blouberg/campagnolo-ultra-torque-us-cups/1009305905580910173101909",433
"434","https://www.gumtree.co.za/s-road-bikes/v1c9801p1page-22/v1c9801p22",22,"https://www.gumtree.co.za/a-road-bikes/somerset-west/honda-saddle-bags/1008982381590912538053609",434
"435","https://www.gumtree.co.za/s-road-bikes/v1c9801p1page-22/v1c9801p22",22,"https://www.gumtree.co.za/a-road-bikes/kloof/shimano-cs+hg500+10-11+34t-cassette/1009305195290910337228409",435
"436","https://www.gumtree.co.za/s-road-bikes/v1c9801p1page-22/v1c9801p22",22,"https://www.gumtree.co.za/a-road-bikes/salt-river/avalanche-hybrid-bicycle/1009304986310910887568509",436
"437","https://www.gumtree.co.za/s-road-bikes/v1c9801p1page-22/v1c9801p22",22,"https://www.gumtree.co.za/a-road-bikes/randburg/trek-5200-carbon-road-bike/1009305130480912621809409",437
"438","https://www.gumtree.co.za/s-road-bikes/v1c9801p1page-22/v1c9801p22",22,"https://www.gumtree.co.za/a-road-bikes/midrand/titan-stryker-sport-rs-sport-road-series-brand-new/1008515469860910000979909",438
"439","https://www.gumtree.co.za/s-road-bikes/v1c9801p1page-22/v1c9801p22",22,"https://www.gumtree.co.za/a-road-bikes/woodstock/a-bike-for-summer/1008228442810910003430409",439
"440","https://www.gumtree.co.za/s-road-bikes/v1c9801p1page-22/v1c9801p22",22,"https://www.gumtree.co.za/a-road-bikes/chatsworth/lightspeed-ls+50-carbon-clincher-disc-brake/1009304862050912845081209",440
"441","https://www.gumtree.co.za/s-road-bikes/v1c9801p1page-22/v1c9801p22",22,"https://www.gumtree.co.za/a-road-bikes/chatsworth/lightspeed-ls+50-carbon-clincher-rim-brake/1009304889640912845081209",441
"442","https://www.gumtree.co.za/s-road-bikes/v1c9801p1page-22/v1c9801p22",22,"https://www.gumtree.co.za/a-road-bikes/chatsworth/lightspeed-ls+38-carbon-clincher-rim-brake/1009304812620912845081209",442
"443","https://www.gumtree.co.za/s-road-bikes/v1c9801p1page-22/v1c9801p22",22,"https://www.gumtree.co.za/a-road-bikes/chatsworth/lightspeed-ls+38-carbon-clincher-disc-brake/1009304772070912845081209",443
"444","https://www.gumtree.co.za/s-road-bikes/v1c9801p1page-23/v1c9801p23",23,"https://www.gumtree.co.za/a-road-bikes/parow/mavic-r+sys-mk1-700c-clincher-front-wheel-only/1009304493280910001750309",444
"445","https://www.gumtree.co.za/s-road-bikes/v1c9801p1page-23/v1c9801p23",23,"https://www.gumtree.co.za/a-road-bikes/lansdowne/raleigh-rc6500-road-bike-frameset/1009303756070910006453409",445
"446","https://www.gumtree.co.za/s-road-bikes/v1c9801p1page-23/v1c9801p23",23,"https://www.gumtree.co.za/a-road-bikes/eastern-pretoria/bicycle-wheels/1009160988410911331235809",446
"447","https://www.gumtree.co.za/s-road-bikes/v1c9801p1page-23/v1c9801p23",23,"https://www.gumtree.co.za/a-road-bikes/port-elizabeth/rc-8000-raleih-urgen-sale/1008807067310910000031109",447
"448","https://www.gumtree.co.za/s-road-bikes/v1c9801p1page-23/v1c9801p23",23,"https://www.gumtree.co.za/a-road-bikes/diep-river/free-spirit-bicycle/1009302880840910339677409",448
"449","https://www.gumtree.co.za/s-road-bikes/v1c9801p1page-23/v1c9801p23",23,"https://www.gumtree.co.za/a-road-bikes/durban-north/2015-trek-speed-concept-tt-bike/1009303153370912838360109",449
"450","https://www.gumtree.co.za/s-road-bikes/v1c9801p1page-23/v1c9801p23",23,"https://www.gumtree.co.za/a-road-bikes/kensington/raleigh-triathlon-bike/1009302871880910775497009",450
"451","https://www.gumtree.co.za/s-road-bikes/v1c9801p1page-23/v1c9801p23",23,"https://www.gumtree.co.za/a-road-bikes/port-elizabeth/merida-warp-tt-carbon-medium/1008454361990910672400609",451
"452","https://www.gumtree.co.za/s-road-bikes/v1c9801p1page-23/v1c9801p23",23,"https://www.gumtree.co.za/a-road-bikes/port-elizabeth/token-momenta-tt-small-carbon/1008456023290910672400609",452
"453","https://www.gumtree.co.za/s-road-bikes/v1c9801p1page-23/v1c9801p23",23,"https://www.gumtree.co.za/a-road-bikes/port-elizabeth/scott-plasma-tt-bicycle-large/1008456023360910672400609",453
"454","https://www.gumtree.co.za/s-road-bikes/v1c9801p1page-23/v1c9801p23",23,"https://www.gumtree.co.za/a-road-bikes/kuils-river/zipp-shimano-rear-wheel-only/1008350445800910005439609",454
"455","https://www.gumtree.co.za/s-road-bikes/v1c9801p1page-23/v1c9801p23",23,"https://www.gumtree.co.za/a-road-bikes/other/2016-giant-tcr-advanced/1009302190790910917196409",455
"456","https://www.gumtree.co.za/s-road-bikes/v1c9801p1page-23/v1c9801p23",23,"https://www.gumtree.co.za/a-road-bikes/port-elizabeth/axis-road-frame/1009301643220912844894909",456
"457","https://www.gumtree.co.za/s-road-bikes/v1c9801p1page-23/v1c9801p23",23,"https://www.gumtree.co.za/a-road-bikes/other/campagnola-wheel-set/1009301612030912617974809",457
"458","https://www.gumtree.co.za/s-road-bikes/v1c9801p1page-23/v1c9801p23",23,"https://www.gumtree.co.za/a-road-bikes/eastern-pretoria/mongoose-article/1009301321460910043107309",458
"459","https://www.gumtree.co.za/s-road-bikes/v1c9801p1page-23/v1c9801p23",23,"https://www.gumtree.co.za/a-road-bikes/other/fixie-trek-1000/1009301260850911491079609",459
"460","https://www.gumtree.co.za/s-road-bikes/v1c9801p1page-23/v1c9801p23",23,"https://www.gumtree.co.za/a-road-bikes/george/marcello-xl-full-carbon-road-bike/1009301274230910085866309",460
"461","https://www.gumtree.co.za/s-road-bikes/v1c9801p1page-23/v1c9801p23",23,"https://www.gumtree.co.za/a-road-bikes/bedfordview/look-tt-triathlon-bike-medium/1003424008200910007214309",461
"462","https://www.gumtree.co.za/s-road-bikes/v1c9801p1page-23/v1c9801p23",23,"https://www.gumtree.co.za/a-road-bikes/durbanville/brand-new-bicycles-mens-and-ladies/1009300870610911288764509",462
"463","https://www.gumtree.co.za/s-road-bikes/v1c9801p1page-23/v1c9801p23",23,"https://www.gumtree.co.za/a-road-bikes/durbanville/12-toddler-bike-with-training-wheels-for-sale/1009300161620910338635909",463
"464","https://www.gumtree.co.za/s-road-bikes/v1c9801p1page-24/v1c9801p24",24,"https://www.gumtree.co.za/a-road-bikes/other/toddlers-bicycle/1009299497940912682813109",464
"465","https://www.gumtree.co.za/s-road-bikes/v1c9801p1page-24/v1c9801p24",24,"https://www.gumtree.co.za/a-road-bikes/randburg/merida-road-bike/1009299298270910041645909",465
"466","https://www.gumtree.co.za/s-road-bikes/v1c9801p1page-24/v1c9801p24",24,"https://www.gumtree.co.za/a-road-bikes/constantia-kloof/collectors-classic-shimano-ultegra-group-set/1003555108040910002524809",466
"467","https://www.gumtree.co.za/s-road-bikes/v1c9801p1page-24/v1c9801p24",24,"https://www.gumtree.co.za/a-road-bikes/constantia-kloof/racing-bike-+-aluminium-frame-carbon-fork/1002301682650910002524809",467
"468","https://www.gumtree.co.za/s-road-bikes/v1c9801p1page-24/v1c9801p24",24,"https://www.gumtree.co.za/a-road-bikes/port-elizabeth/2016-scott-speedster-30-large-roadbike/1008841279070912505662609",468
"469","https://www.gumtree.co.za/s-road-bikes/v1c9801p1page-24/v1c9801p24",24,"https://www.gumtree.co.za/a-road-bikes/kuils-river/durace-road-cranks/1009004785770910005439609",469
"470","https://www.gumtree.co.za/s-road-bikes/v1c9801p1page-24/v1c9801p24",24,"https://www.gumtree.co.za/a-road-bikes/springs/bike-leather-jacket/1009296759540910065918109",470
"471","https://www.gumtree.co.za/s-road-bikes/v1c9801p1page-24/v1c9801p24",24,"https://www.gumtree.co.za/a-road-bikes/other/24-inch-scott-road-bike/1009295888330912566881509",471
"472","https://www.gumtree.co.za/s-road-bikes/v1c9801p1page-24/v1c9801p24",24,"https://www.gumtree.co.za/a-road-bikes/johannesburg-cbd/16inch-boys-bicycle/1009295576390912482780709",472
"473","https://www.gumtree.co.za/s-road-bikes/v1c9801p1page-24/v1c9801p24",24,"https://www.gumtree.co.za/a-road-bikes/oudtshoorn/surge-bmx/1009295576180912692553709",473
"474","https://www.gumtree.co.za/s-road-bikes/v1c9801p1page-24/v1c9801p24",24,"https://www.gumtree.co.za/a-road-bikes/boksburg/road-bicycle/1009295407030910844767309",474
"475","https://www.gumtree.co.za/s-road-bikes/v1c9801p1page-24/v1c9801p24",24,"https://www.gumtree.co.za/a-road-bikes/athlone/perfect-student-bike-for-hire/1009293616620910330322109",475
"476","https://www.gumtree.co.za/s-road-bikes/v1c9801p1page-24/v1c9801p24",24,"https://www.gumtree.co.za/a-road-bikes/athlone/schwinn-fastback-roadbike/1009293864040910330322109",476
"477","https://www.gumtree.co.za/s-road-bikes/v1c9801p1page-24/v1c9801p24",24,"https://www.gumtree.co.za/a-road-bikes/salt-river/lekker-jordaan-bicycle-e+bike/1009293152810910887568509",477
"478","https://www.gumtree.co.za/s-road-bikes/v1c9801p1page-24/v1c9801p24",24,"https://www.gumtree.co.za/a-road-bikes/randburg/boys-bicycle-for-sale/1009293203680912453143009",478
"479","https://www.gumtree.co.za/s-road-bikes/v1c9801p1page-24/v1c9801p24",24,"https://www.gumtree.co.za/a-road-bikes/randburg/girls-bike-for-sale/1009293173940912453143009",479
"480","https://www.gumtree.co.za/s-road-bikes/v1c9801p1page-24/v1c9801p24",24,"https://www.gumtree.co.za/a-road-bikes/vereeniging/road-bikes-for-sale-felt-s32-amp-cyclone-avalanche/1009292832760910921130709",480
"481","https://www.gumtree.co.za/s-road-bikes/v1c9801p1page-24/v1c9801p24",24,"https://www.gumtree.co.za/a-road-bikes/kingsborough/echo-czar-pro-26inch/1009050227230910026642209",481
"482","https://www.gumtree.co.za/s-road-bikes/v1c9801p1page-24/v1c9801p24",24,"https://www.gumtree.co.za/a-road-bikes/bhisho/felt-f4-series/1009291914370910255744009",482
"483","https://www.gumtree.co.za/s-road-bikes/v1c9801p1page-24/v1c9801p24",24,"https://www.gumtree.co.za/a-road-bikes/gordon-s-bay/cannondale-road-bike-+-r800-series-+-52cm/1009292062050910918288409",483
"484","https://www.gumtree.co.za/s-road-bikes/v1c9801p1page-25/v1c9801p25",25,"https://www.gumtree.co.za/a-road-bikes/gordon-s-bay/shimano-600-+-crancks-with-bb-+-170mm/1009291992600910918288409",484
"485","https://www.gumtree.co.za/s-road-bikes/v1c9801p1page-25/v1c9801p25",25,"https://www.gumtree.co.za/a-road-bikes/gordon-s-bay/giant-cfr-composite-+-61cm-frame-amp-fork/1009291974600910918288409",485
"486","https://www.gumtree.co.za/s-road-bikes/v1c9801p1page-25/v1c9801p25",25,"https://www.gumtree.co.za/a-road-bikes/gordon-s-bay/trek-2000-+-easton-aluminium-program-size-56cm/1009291957990910918288409",486
"487","https://www.gumtree.co.za/s-road-bikes/v1c9801p1page-25/v1c9801p25",25,"https://www.gumtree.co.za/a-road-bikes/brackenfell/road-bike-in-a-good-condition/1009291570100912735703809",487
"488","https://www.gumtree.co.za/s-road-bikes/v1c9801p1page-25/v1c9801p25",25,"https://www.gumtree.co.za/a-road-bikes/mosselbaai/giant-tcrc1-carbon-road-bike/1009291563010910171472309",488
"489","https://www.gumtree.co.za/s-road-bikes/v1c9801p1page-25/v1c9801p25",25,"https://www.gumtree.co.za/a-road-bikes/brackenfell/electric-fold+up-bicycle-for-sale/1009291494930912735703809",489
"490","https://www.gumtree.co.za/s-road-bikes/v1c9801p1page-25/v1c9801p25",25,"https://www.gumtree.co.za/a-road-bikes/brackenfell/schwinn-hybrid-bike/1009291484170912735703809",490
"491","https://www.gumtree.co.za/s-road-bikes/v1c9801p1page-25/v1c9801p25",25,"https://www.gumtree.co.za/a-road-bikes/lansdowne/a2b-e-bike/1009149968860911197112309",491
"492","https://www.gumtree.co.za/s-road-bikes/v1c9801p1page-25/v1c9801p25",25,"https://www.gumtree.co.za/a-road-bikes/gordon-s-bay/scott-aero-sport-road-bike/1009122292120910913846509",492
"493","https://www.gumtree.co.za/s-road-bikes/v1c9801p1page-25/v1c9801p25",25,"https://www.gumtree.co.za/a-road-bikes/chatsworth/xtc-980-road-bike-for-sale/1009290198280912750943909",493
"494","https://www.gumtree.co.za/s-road-bikes/v1c9801p1page-25/v1c9801p25",25,"https://www.gumtree.co.za/a-road-bikes/berea-musgrave/cosmos-road-bike/1008946282510910010216409",494
"495","https://www.gumtree.co.za/s-road-bikes/v1c9801p1page-25/v1c9801p25",25,"https://www.gumtree.co.za/a-road-bikes/mitchell-s-plain/mr-samuels/1009289816080912781175009",495
"496","https://www.gumtree.co.za/s-road-bikes/v1c9801p1page-25/v1c9801p25",25,"https://www.gumtree.co.za/a-road-bikes/mitchell-s-plain/my-precious-frame/1009289376890912781175009",496
"497","https://www.gumtree.co.za/s-road-bikes/v1c9801p1page-25/v1c9801p25",25,"https://www.gumtree.co.za/a-road-bikes/kempton-park/giant-road-bike/1009289381500912772644309",497
"498","https://www.gumtree.co.za/s-road-bikes/v1c9801p1page-25/v1c9801p25",25,"https://www.gumtree.co.za/a-road-bikes/goodwood/gaint-tcr-alloy-large-56-cm/1009289158440910374608409",498
"499","https://www.gumtree.co.za/s-road-bikes/v1c9801p1page-25/v1c9801p25",25,"https://www.gumtree.co.za/a-road-bikes/stutterheim/180cc-quad/1009289216670910012222709",499
"500","https://www.gumtree.co.za/s-road-bikes/v1c9801p1page-25/v1c9801p25",25,"https://www.gumtree.co.za/a-road-bikes/fourways/brand-new-bicycle-for-sale/1009288711960910046603109",500
"501","https://www.gumtree.co.za/s-road-bikes/v1c9801p1page-25/v1c9801p25",25,"https://www.gumtree.co.za/a-road-bikes/soweto/bicycle-up-for-grabs/1009288960120912843401909",501
"502","https://www.gumtree.co.za/s-road-bikes/v1c9801p1page-25/v1c9801p25",25,"https://www.gumtree.co.za/a-road-bikes/randburg/bicycle-for-sale/1009287955970910225811809",502
"503","https://www.gumtree.co.za/s-road-bikes/v1c9801p1page-25/v1c9801p25",25,"https://www.gumtree.co.za/a-road-bikes/brakpan/16-34-kiddies-bmx-for-sale/1009288369700911446083809",503
"504","https://www.gumtree.co.za/s-road-bikes/v1c9801p1page-26/v1c9801p26",26,"https://www.gumtree.co.za/a-road-bikes/gansbaai/road-bike/1008579538780910012946809",504
"505","https://www.gumtree.co.za/s-road-bikes/v1c9801p1page-26/v1c9801p26",26,"https://www.gumtree.co.za/a-road-bikes/somerset-west/good-condition-vintage-raleigh-27-inch-racing-bicycle-for-sale/1009287885450912838270509",505
"506","https://www.gumtree.co.za/s-road-bikes/v1c9801p1page-26/v1c9801p26",26,"https://www.gumtree.co.za/a-road-bikes/germiston/bicycles-+-ad-posted-by-thandi-fakudi/1009287218440912843217009",506
"507","https://www.gumtree.co.za/s-road-bikes/v1c9801p1page-26/v1c9801p26",26,"https://www.gumtree.co.za/a-road-bikes/other/bicycle-for-sale/1009287115350912702376209",507
"508","https://www.gumtree.co.za/s-road-bikes/v1c9801p1page-26/v1c9801p26",26,"https://www.gumtree.co.za/a-road-bikes/plumstead/trek-us-postal-carbon-road-bike/1007331735480910153993009",508
"509","https://www.gumtree.co.za/s-road-bikes/v1c9801p1page-26/v1c9801p26",26,"https://www.gumtree.co.za/a-road-bikes/plumstead/avalanche-str-roadbike/1008304041250910153993009",509
"510","https://www.gumtree.co.za/s-road-bikes/v1c9801p1page-26/v1c9801p26",26,"https://www.gumtree.co.za/a-road-bikes/plumstead/avalanche-compact-road-bike/1009093309450910153993009",510
"511","https://www.gumtree.co.za/s-road-bikes/v1c9801p1page-26/v1c9801p26",26,"https://www.gumtree.co.za/a-road-bikes/plumstead/merida-road-901-medium-roadbile/1009093402430910153993009",511
"512","https://www.gumtree.co.za/s-road-bikes/v1c9801p1page-26/v1c9801p26",26,"https://www.gumtree.co.za/a-road-bikes/plumstead/schwinn-circuit-roadbike/1009093658020910153993009",512
"513","https://www.gumtree.co.za/s-road-bikes/v1c9801p1page-26/v1c9801p26",26,"https://www.gumtree.co.za/a-road-bikes/plumstead/axis-ar-40-roadbike/1009094389250910153993009",513
"514","https://www.gumtree.co.za/s-road-bikes/v1c9801p1page-26/v1c9801p26",26,"https://www.gumtree.co.za/a-road-bikes/plumstead/trek-5000-carbon-roadbike/1009103450520910153993009",514
"515","https://www.gumtree.co.za/s-road-bikes/v1c9801p1page-26/v1c9801p26",26,"https://www.gumtree.co.za/a-road-bikes/plumstead/giant-defy-electric-roadbike/1009103857350910153993009",515
"516","https://www.gumtree.co.za/s-road-bikes/v1c9801p1page-26/v1c9801p26",26,"https://www.gumtree.co.za/a-road-bikes/greyville/raleigh-racing-bicycle/1009286553140912734930109",516
"517","https://www.gumtree.co.za/s-road-bikes/v1c9801p1page-26/v1c9801p26",26,"https://www.gumtree.co.za/a-road-bikes/tableview/fit-bmx/1008801250320910389714309",517
"518","https://www.gumtree.co.za/s-road-bikes/v1c9801p1page-26/v1c9801p26",26,"https://www.gumtree.co.za/a-road-bikes/melkbosstrand/blue-bicycle/1009285803980910226366509",518
"519","https://www.gumtree.co.za/s-road-bikes/v1c9801p1page-26/v1c9801p26",26,"https://www.gumtree.co.za/a-road-bikes/berea-musgrave/girls-bicycles/1009286144650910138108209",519
"520","https://www.gumtree.co.za/s-road-bikes/v1c9801p1page-26/v1c9801p26",26,"https://www.gumtree.co.za/a-road-bikes/bloemfontein/specialized-venge/1009285277630911024857809",520
"521","https://www.gumtree.co.za/s-road-bikes/v1c9801p1page-26/v1c9801p26",26,"https://www.gumtree.co.za/a-road-bikes/blouberg/bianchi-aria-ultegra/1009285165170912555172709",521
"522","https://www.gumtree.co.za/s-road-bikes/v1c9801p1page-26/v1c9801p26",26,"https://www.gumtree.co.za/a-road-bikes/buh-rein/road-bike-tyres-and-wheel-bag/1008854398650910192094809",522
"523","https://www.gumtree.co.za/s-road-bikes/v1c9801p1page-26/v1c9801p26",26,"https://www.gumtree.co.za/a-road-bikes/other/bycycle-+-ad-posted-by-imran-ebrahim/1009147289080910224221509",523
"524","https://www.gumtree.co.za/s-road-bikes/v1c9801p1page-27/v1c9801p27",27,"https://www.gumtree.co.za/a-road-bikes/tableview/cannondale-tandem/1009147255120910028937909",524
"525","https://www.gumtree.co.za/s-road-bikes/v1c9801p1page-27/v1c9801p27",27,"https://www.gumtree.co.za/a-road-bikes/crawford/pre+owned-24inch-schwinn-s1-single-speed-+-r/1009283961330910232698409",525
"526","https://www.gumtree.co.za/s-road-bikes/v1c9801p1page-27/v1c9801p27",27,"https://www.gumtree.co.za/a-road-bikes/grassy-park/bmx-dv8-avalanche/1009283469330911112480609",526
"527","https://www.gumtree.co.za/s-road-bikes/v1c9801p1page-27/v1c9801p27",27,"https://www.gumtree.co.za/a-road-bikes/melkbosstrand/3-seater-bicycle-sold/1009283112740910226366509",527
"528","https://www.gumtree.co.za/s-road-bikes/v1c9801p1page-27/v1c9801p27",27,"https://www.gumtree.co.za/a-road-bikes/ermelo/titan-ryde/1009282621280911152526909",528
"529","https://www.gumtree.co.za/s-road-bikes/v1c9801p1page-27/v1c9801p27",27,"https://www.gumtree.co.za/a-road-bikes/bedfordview/classic-le-turbo-road-bike/1008794301510910922701309",529
"530","https://www.gumtree.co.za/s-road-bikes/v1c9801p1page-27/v1c9801p27",27,"https://www.gumtree.co.za/a-road-bikes/plumstead/road-bike/1009282529050910263588509",530
"531","https://www.gumtree.co.za/s-road-bikes/v1c9801p1page-27/v1c9801p27",27,"https://www.gumtree.co.za/a-road-bikes/buh-rein/avalanche-antix-20-for-sale/1009281851860910004573809",531
"532","https://www.gumtree.co.za/s-road-bikes/v1c9801p1page-27/v1c9801p27",27,"https://www.gumtree.co.za/a-road-bikes/middelburg/conti-road-bike/1009281796850912826043209",532
"533","https://www.gumtree.co.za/s-road-bikes/v1c9801p1page-27/v1c9801p27",27,"https://www.gumtree.co.za/a-road-bikes/parow/bmw-r1200s/1009282074100912842646309",533
"534","https://www.gumtree.co.za/s-road-bikes/v1c9801p1page-27/v1c9801p27",27,"https://www.gumtree.co.za/a-road-bikes/sunningdale/ffwd-f5r-carbon-50mm-clincher-rim-brake/1009281544430910006928909",534
"535","https://www.gumtree.co.za/s-road-bikes/v1c9801p1page-27/v1c9801p27",27,"https://www.gumtree.co.za/a-road-bikes/green-point-waterfront/vintage-bike-for-sale/1009281444680911096193209",535
"536","https://www.gumtree.co.za/s-road-bikes/v1c9801p1page-27/v1c9801p27",27,"https://www.gumtree.co.za/a-road-bikes/benoni/conti-golf-quad-for-sale-or-swap/1008994109110910026347309",536
"537","https://www.gumtree.co.za/s-road-bikes/v1c9801p1page-27/v1c9801p27",27,"https://www.gumtree.co.za/a-road-bikes/milnerton/bmx-dv-8/1008964943210910033061109",537
"538","https://www.gumtree.co.za/s-road-bikes/v1c9801p1page-27/v1c9801p27",27,"https://www.gumtree.co.za/a-road-bikes/goodwood/giant-sl-road-bike/1009280423410910957314709",538
"539","https://www.gumtree.co.za/s-road-bikes/v1c9801p1page-27/v1c9801p27",27,"https://www.gumtree.co.za/a-road-bikes/other/campagnola-wheel-set/1009280421500912617974809",539
"540","https://www.gumtree.co.za/s-road-bikes/v1c9801p1page-27/v1c9801p27",27,"https://www.gumtree.co.za/a-road-bikes/midrand/rc-6000-raleigh-road-bicycle/1009279847400911277274009",540
"541","https://www.gumtree.co.za/s-road-bikes/v1c9801p1page-27/v1c9801p27",27,"https://www.gumtree.co.za/a-road-bikes/other/bicycle-+-ad-posted-by-marelise/1009279740570911044262409",541
"542","https://www.gumtree.co.za/s-road-bikes/v1c9801p1page-27/v1c9801p27",27,"https://www.gumtree.co.za/a-road-bikes/knysna/avalanche-ego-ebike/1009279574120910233776409",542
"543","https://www.gumtree.co.za/s-road-bikes/v1c9801p1page-27/v1c9801p27",27,"https://www.gumtree.co.za/a-road-bikes/other/diamond-back-bicycle/1009279583430911044262409",543
"544","https://www.gumtree.co.za/s-road-bikes/v1c9801p1page-28/v1c9801p28",28,"https://www.gumtree.co.za/a-road-bikes/other/campagnola-36-spoke-stainless-steel-wheel-set/1009279346520912617974809",544
"545","https://www.gumtree.co.za/s-road-bikes/v1c9801p1page-28/v1c9801p28",28,"https://www.gumtree.co.za/a-road-bikes/kempton-park/rc-6000-raleigh/1009278790810912772644309",545
"546","https://www.gumtree.co.za/s-road-bikes/v1c9801p1page-28/v1c9801p28",28,"https://www.gumtree.co.za/a-road-bikes/kempton-park/trek-sports-bike/1009278688800912772644309",546
"547","https://www.gumtree.co.za/s-road-bikes/v1c9801p1page-28/v1c9801p28",28,"https://www.gumtree.co.za/a-road-bikes/heathfield/giant-m-l-10-speed/1008898951990910060402909",547
"548","https://www.gumtree.co.za/s-road-bikes/v1c9801p1page-28/v1c9801p28",28,"https://www.gumtree.co.za/a-road-bikes/athlone/bicycle-for-sale/1009019999590910932243909",548
"549","https://www.gumtree.co.za/s-road-bikes/v1c9801p1page-28/v1c9801p28",28,"https://www.gumtree.co.za/a-road-bikes/parklands/whizz-through-traffic-with-this-motorized-bicycle/1008263414350910029456009",549
"550","https://www.gumtree.co.za/s-road-bikes/v1c9801p1page-28/v1c9801p28",28,"https://www.gumtree.co.za/a-road-bikes/other/totem-xc110-bicycle-+-pristine-condition-for-sale/1009276530740911319981909",550
"551","https://www.gumtree.co.za/s-road-bikes/v1c9801p1page-28/v1c9801p28",28,"https://www.gumtree.co.za/a-road-bikes/plumstead/le-jeune-56cm-reynolds-501-sl/1009276243550910947234909",551
"552","https://www.gumtree.co.za/s-road-bikes/v1c9801p1page-28/v1c9801p28",28,"https://www.gumtree.co.za/a-road-bikes/hillcrest/cannondale-road-bike-2008-in-perfect-condition-+just-right-for-beginner-racers/1009275954490912827774109",552
"553","https://www.gumtree.co.za/s-road-bikes/v1c9801p1page-28/v1c9801p28",28,"https://www.gumtree.co.za/a-road-bikes/katlehong/handle-bar-and-stem/1009274807730910874464209",553
"554","https://www.gumtree.co.za/s-road-bikes/v1c9801p1page-28/v1c9801p28",28,"https://www.gumtree.co.za/a-road-bikes/durbanville/giant-contend-sl-1-disc-road-bike-2021-large/1009274419150911068394609",554
"555","https://www.gumtree.co.za/s-road-bikes/v1c9801p1page-28/v1c9801p28",28,"https://www.gumtree.co.za/a-road-bikes/other/classic-vintage-cult-bridgestone-rb+2-synergy-racer-road-bike-for-sale/1008984161080910876224309",555
"556","https://www.gumtree.co.za/s-road-bikes/v1c9801p1page-28/v1c9801p28",28,"https://www.gumtree.co.za/a-road-bikes/kuils-river/road-hub-24-hole/1008350445740910005439609",556
"557","https://www.gumtree.co.za/s-road-bikes/v1c9801p1page-28/v1c9801p28",28,"https://www.gumtree.co.za/a-road-bikes/salt-river/purefix-fixie-bicycle-usa/1008627370660910017682109",557
"558","https://www.gumtree.co.za/s-road-bikes/v1c9801p1page-28/v1c9801p28",28,"https://www.gumtree.co.za/a-road-bikes/hermanus/kids-bikes/1009132776670910259131009",558
"559","https://www.gumtree.co.za/s-road-bikes/v1c9801p1page-28/v1c9801p28",28,"https://www.gumtree.co.za/a-road-bikes/kuils-river/carbon-stem-120mm/1008974279560910005439609",559
"560","https://www.gumtree.co.za/s-road-bikes/v1c9801p1page-28/v1c9801p28",28,"https://www.gumtree.co.za/a-road-bikes/other/single-speed-bike/1009129691870910891221209",560
"561","https://www.gumtree.co.za/s-road-bikes/v1c9801p1page-28/v1c9801p28",28,"https://www.gumtree.co.za/a-road-bikes/hermanus/motorbike-helmet/1009126232290912589208509",561
"562","https://www.gumtree.co.za/s-road-bikes/v1c9801p1page-28/v1c9801p28",28,"https://www.gumtree.co.za/a-road-bikes/stellenbosch/raleigh-kids-bike-probably-12-34-foam-tyres/1009252393370910022274209",562
"563","https://www.gumtree.co.za/s-road-bikes/v1c9801p1page-28/v1c9801p28",28,"https://www.gumtree.co.za/a-road-bikes/crawford/imported-vintage-dutch-18inch-kiddies-bicycle-r/1009246726960910232698409",563
"564","https://www.gumtree.co.za/s-road-bikes/v1c9801p1page-29/v1c9801p29",29,"https://www.gumtree.co.za/a-road-bikes/crawford/restored-imported-vintage-dutch-24inch-gazelle-bicycle-from-holland-+-r/1009246733060910232698409",564
"565","https://www.gumtree.co.za/s-road-bikes/v1c9801p1page-29/v1c9801p29",29,"https://www.gumtree.co.za/a-road-bikes/stellenbosch/20inch-boys-bike-trek/1009239379430911001320409",565
"566","https://www.gumtree.co.za/s-road-bikes/v1c9801p1page-29/v1c9801p29",29,"https://www.gumtree.co.za/a-road-bikes/bellville/trek-lexi-woman-specific-road-bike/1009232628560910361586609",566
"567","https://www.gumtree.co.za/s-road-bikes/v1c9801p1page-29/v1c9801p29",29,"https://www.gumtree.co.za/a-road-bikes/tamboerskloof/schwinn-s1-cruiser-bicycle-women/1009221651160910059446109",567
"568","https://www.gumtree.co.za/s-road-bikes/v1c9801p1page-29/v1c9801p29",29,"https://www.gumtree.co.za/a-road-bikes/century-city/bicycle-crank-set/1009212194310910032915509",568
"569","https://www.gumtree.co.za/s-road-bikes/v1c9801p1page-29/v1c9801p29",29,"https://www.gumtree.co.za/a-road-bikes/crawford/imported-dutch-union-single-speed-hybrid-r/1009206916640910232698409",569
"570","https://www.gumtree.co.za/s-road-bikes/v1c9801p1page-29/v1c9801p29",29,"https://www.gumtree.co.za/a-road-bikes/strand/fuji-roubaix-3-0-large-frame-58cm-10-speed-road-bicycle-for-sale/1009171228030911235149709",570
"571","https://www.gumtree.co.za/s-road-bikes/v1c9801p1page-29/v1c9801p29",29,"https://www.gumtree.co.za/a-road-bikes/observatory/e-bike-+-mini-folding-type-inmotion-p2/1009167546500910004737409",571
"572","https://www.gumtree.co.za/s-road-bikes/v1c9801p1page-29/v1c9801p29",29,"https://www.gumtree.co.za/a-road-bikes/crawford/vintage-1970s-motobecane-road-bike-fixie-+-r/1009033836090910232698409",572
"573","https://www.gumtree.co.za/s-road-bikes/v1c9801p1page-29/v1c9801p29",29,"https://www.gumtree.co.za/a-road-bikes/grassy-park/set-of-36hole-milremo-high-flange-hubs/1009165925250910002909509",573
"574","https://www.gumtree.co.za/s-road-bikes/v1c9801p1page-29/v1c9801p29",29,"https://www.gumtree.co.za/a-road-bikes/crawford/cape-cycle-servicing-specials/1005831033510910232698409",574
"575","https://www.gumtree.co.za/s-road-bikes/v1c9801p1page-29/v1c9801p29",29,"https://www.gumtree.co.za/a-road-bikes/centurion/zeus-motorcycle-helmet/1009025129550910256184809",575
"576","https://www.gumtree.co.za/s-road-bikes/v1c9801p1page-29/v1c9801p29",29,"https://www.gumtree.co.za/a-road-bikes/northern-pretoria/vintage-bicycle-brand-new/1003118099900910376561309",576
"577","https://www.gumtree.co.za/s-road-bikes/v1c9801p1page-29/v1c9801p29",29,"https://www.gumtree.co.za/a-road-bikes/northern-pretoria/universal-bicycle-brand-new/1003171918750910376561309",577
"578","https://www.gumtree.co.za/s-road-bikes/v1c9801p1page-29/v1c9801p29",29,"https://www.gumtree.co.za/a-road-bikes/northern-pretoria/vintage-bicycles-brand-new/1002668586210910376561309",578
"579","https://www.gumtree.co.za/s-road-bikes/v1c9801p1page-29/v1c9801p29",29,"https://www.gumtree.co.za/a-road-bikes/crawford/pre+owned-2020-schwinn-s1-+-r/1008327593170910232698409",579
"580","https://www.gumtree.co.za/s-road-bikes/v1c9801p1page-29/v1c9801p29",29,"https://www.gumtree.co.za/a-road-bikes/phalaborwa/halo-shimano-bicycle/1008974686800912799521709",580
"581","https://www.gumtree.co.za/s-road-bikes/v1c9801p1page-29/v1c9801p29",29,"https://www.gumtree.co.za/a-road-bikes/crawford/new-12inch-hook-boys-bicycle-+r/1008303980920910232698409",581
"582","https://www.gumtree.co.za/s-road-bikes/v1c9801p1page-29/v1c9801p29",29,"https://www.gumtree.co.za/a-road-bikes/northern-pretoria/brand-new-vintage-bicycle/1003119148220910376561309",582
"583","https://www.gumtree.co.za/s-road-bikes/v1c9801p1page-29/v1c9801p29",29,"https://www.gumtree.co.za/a-road-bikes/crawford/sold-out-new-avalanche-mystic-2020/1008748078130910232698409",583
"584","https://www.gumtree.co.za/s-road-bikes/v1c9801p1page-30/v1c9801p30",30,"https://www.gumtree.co.za/a-road-bikes/mowbray/trek-bicycle-sport-800-edition-fair-condition-for-sale-r-800-observatory-must-collect/1009109784900910196949609",584
"585","https://www.gumtree.co.za/s-road-bikes/v1c9801p1page-30/v1c9801p30",30,"https://www.gumtree.co.za/a-road-bikes/midrand/bicycle-+-ad-posted-by-pakiso-pilane/1009107953810912751510809",585
"586","https://www.gumtree.co.za/s-road-bikes/v1c9801p1page-30/v1c9801p30",30,"https://www.gumtree.co.za/a-road-bikes/plumstead/raleigh-kyalami-road-bike-vintage-sold-as-is-rideable/1009102512960910085302709",586
"587","https://www.gumtree.co.za/s-road-bikes/v1c9801p1page-30/v1c9801p30",30,"https://www.gumtree.co.za/a-road-bikes/randburg/road-bike/1009098584060912666676609",587
"588","https://www.gumtree.co.za/s-road-bikes/v1c9801p1page-30/v1c9801p30",30,"https://www.gumtree.co.za/a-road-bikes/durbanville/giant-kids-balance-bike-+-rebranded-superman/1009096299640912438841509",588
"589","https://www.gumtree.co.za/s-road-bikes/v1c9801p1page-30/v1c9801p30",30,"https://www.gumtree.co.za/a-road-bikes/durbanville/peugeot-10-origin-with-giant-carrier-seat/1009096269930912438841509",589
"590","https://www.gumtree.co.za/s-road-bikes/v1c9801p1page-30/v1c9801p30",30,"https://www.gumtree.co.za/a-road-bikes/menlyn-park/se-bmx-wildman/1009088698300911290841009",590
"591","https://www.gumtree.co.za/s-road-bikes/v1c9801p1page-30/v1c9801p30",30,"https://www.gumtree.co.za/a-road-bikes/parow/girl-bmx-20-inch/1009081326640910346634209",591
"592","https://www.gumtree.co.za/s-road-bikes/v1c9801p1page-30/v1c9801p30",30,"https://www.gumtree.co.za/a-road-bikes/port-elizabeth/bmx-+-ad-posted-by-alpha-pepe/1009073634000912756006909",592
"593","https://www.gumtree.co.za/s-road-bikes/v1c9801p1page-30/v1c9801p30",30,"https://www.gumtree.co.za/a-road-bikes/richards-bay/strida-folding-bicycle/1009051824090910135289209",593
"594","https://www.gumtree.co.za/s-road-bikes/v1c9801p1page-30/v1c9801p30",30,"https://www.gumtree.co.za/a-road-bikes/crawford/imported-vintage-puch-classic-hybrid-10-speed-+-r/1008885404400910232698409",594
"595","https://www.gumtree.co.za/s-road-bikes/v1c9801p1page-30/v1c9801p30",30,"https://www.gumtree.co.za/a-road-bikes/ballitoville/tecno-train-commercial-air-bike/1009028741560912672731409",595
"596","https://www.gumtree.co.za/s-road-bikes/v1c9801p1page-30/v1c9801p30",30,"https://www.gumtree.co.za/a-road-bikes/mowbray/colnago-master-olympic-art-decor/1009021244690910006348409",596
"597","https://www.gumtree.co.za/s-road-bikes/v1c9801p1page-30/v1c9801p30",30,"https://www.gumtree.co.za/a-road-bikes/hartbeespoort/sigma-bike-computer/1009018915090910169553109",597
"598","https://www.gumtree.co.za/s-road-bikes/v1c9801p1page-30/v1c9801p30",30,"https://www.gumtree.co.za/a-road-bikes/gardens/varoius-e-bikes-for-sale/1002367749220910027725109",598
"599","https://www.gumtree.co.za/s-road-bikes/v1c9801p1page-30/v1c9801p30",30,"https://www.gumtree.co.za/a-road-bikes/other/fit-bike-co-brian-foster-signature-2011/1008989049190912791391009",599
"600","https://www.gumtree.co.za/s-road-bikes/v1c9801p1page-30/v1c9801p30",30,"https://www.gumtree.co.za/a-road-bikes/northern-pretoria/customised-vintage-bicycles/1007183990440910376561309",600
"601","https://www.gumtree.co.za/s-road-bikes/v1c9801p1page-30/v1c9801p30",30,"https://www.gumtree.co.za/a-road-bikes/port-elizabeth/pinarello-prince-replica-frame/1008983683770910383067209",601
"602","https://www.gumtree.co.za/s-road-bikes/v1c9801p1page-30/v1c9801p30",30,"https://www.gumtree.co.za/a-road-bikes/other-eastern-cape/bicycle-+-german-made-kalkhoff-+-childs-size-20/1008982992780910173259209",602
"603","https://www.gumtree.co.za/s-road-bikes/v1c9801p1page-30/v1c9801p30",30,"https://www.gumtree.co.za/a-road-bikes/east-london/bicycle-24-34-wanted-for-boy/1008979600010911107055509",603
"604","https://www.gumtree.co.za/s-road-bikes/v1c9801p1page-31/v1c9801p31",31,"https://www.gumtree.co.za/a-road-bikes/crawford/new-12inch-hook-girls-bicycle-+-r/1008303942820910232698409",604
"605","https://www.gumtree.co.za/s-road-bikes/v1c9801p1page-31/v1c9801p31",31,"https://www.gumtree.co.za/a-road-bikes/grassy-park/+-imported-3g-fixed-gear-commuter-bicycle-3-5k/1008978700750910331230509",605
"606","https://www.gumtree.co.za/s-road-bikes/v1c9801p1page-31/v1c9801p31",31,"https://www.gumtree.co.za/a-road-bikes/northern-pretoria/ajs-vintage-bicycles/1008102054700910376561309",606
"607","https://www.gumtree.co.za/s-road-bikes/v1c9801p1page-31/v1c9801p31",31,"https://www.gumtree.co.za/a-road-bikes/northern-pretoria/vintage-bicycle-imported/1003118316300910376561309",607
"608","https://www.gumtree.co.za/s-road-bikes/v1c9801p1page-31/v1c9801p31",31,"https://www.gumtree.co.za/a-road-bikes/grassy-park/wanted-1970s-1980s-1990s-vintage-old-school-bmx-wanted-i-am-not-selling/1008892871360910002909509",608
"609","https://www.gumtree.co.za/s-road-bikes/v1c9801p1page-31/v1c9801p31",31,"https://www.gumtree.co.za/a-road-bikes/queensburgh/vintage-racing-bicycle/1008891794570910219128409",609
"610","https://www.gumtree.co.za/s-road-bikes/v1c9801p1page-31/v1c9801p31",31,"https://www.gumtree.co.za/a-road-bikes/crawford/sold-out-new-avalanche-cruz-88-7-speed/1008880010480910232698409",610
"611","https://www.gumtree.co.za/s-road-bikes/v1c9801p1page-31/v1c9801p31",31,"https://www.gumtree.co.za/a-road-bikes/crawford/sold-out-new-bella-dona-7-speed-includes-front-metal-basket-r4450/1008878144180910232698409",611
"612","https://www.gumtree.co.za/s-road-bikes/v1c9801p1page-31/v1c9801p31",31,"https://www.gumtree.co.za/a-road-bikes/northern-pretoria/vintage-bicycles-brand-new/1002870064200910376561309",612
"613","https://www.gumtree.co.za/s-road-bikes/v1c9801p1page-31/v1c9801p31",31,"https://www.gumtree.co.za/a-road-bikes/crawford/imported-vintage-dutch-bicycles-from-holland-and-uk-+/1006250390130910232698409",613
"614","https://www.gumtree.co.za/s-road-bikes/v1c9801p1page-31/v1c9801p31",31,"https://www.gumtree.co.za/a-road-bikes/other/motorised-mountain-bike/1008789604690910007864009",614
"615","https://www.gumtree.co.za/s-road-bikes/v1c9801p1page-31/v1c9801p31",31,"https://www.gumtree.co.za/a-road-bikes/northern-pretoria/girls-boys-bicycles/1008775593060910376561309",615
"616","https://www.gumtree.co.za/s-road-bikes/v1c9801p1page-31/v1c9801p31",31,"https://www.gumtree.co.za/a-road-bikes/northern-pretoria/road-bicycle/1008753042410910376561309",616
"617","https://www.gumtree.co.za/s-road-bikes/v1c9801p1page-31/v1c9801p31",31,"https://www.gumtree.co.za/a-road-bikes/hillcrest/vintage-triumph-ladies-bicycle-+-sku-1183/1008568597010911314267309",617
"618","https://www.gumtree.co.za/s-road-bikes/v1c9801p1page-31/v1c9801p31",31,"https://www.gumtree.co.za/a-road-bikes/melkbosstrand/beat-the-fuel-heist-robbing-ordinary-commuters/1003766523260911213184409",618
"619","https://www.gumtree.co.za/s-road-bikes/v1c9801p1page-31/v1c9801p31",31,"https://www.gumtree.co.za/a-road-bikes/brackenfell/cannondale-tandem-best-buy/1008709165560912407492109",619
"620","https://www.gumtree.co.za/s-road-bikes/v1c9801p1page-31/v1c9801p31",31,"https://www.gumtree.co.za/a-road-bikes/crawford/sold-new-speed-16inch-bmx-for-ages-4+6-years/1006500194320910232698409",620
"621","https://www.gumtree.co.za/s-road-bikes/v1c9801p1page-31/v1c9801p31",31,"https://www.gumtree.co.za/a-road-bikes/observatory/convert-your-bicycle-to-electric-e+bike-kits-mid-drive-motors-hub-motor-e+bikes-conversions/1001643753000910242303109",621
"622","https://www.gumtree.co.za/s-road-bikes/v1c9801p1page-31/v1c9801p31",31,"https://www.gumtree.co.za/a-road-bikes/port-elizabeth/bicycle-racer/1007325427680910003130509",622
"623","https://www.gumtree.co.za/s-road-bikes/v1c9801p1page-31/v1c9801p31",31,"https://www.gumtree.co.za/a-road-bikes/crawford/imported-aluminium-huffy-venice-beach-cruiser-single-speed-+-r/1008642572290910232698409",623
"624","https://www.gumtree.co.za/s-road-bikes/v1c9801p1page-32/v1c9801p32",32,"https://www.gumtree.co.za/a-road-bikes/crawford/sold-new-avalanche-minimax-12inch-girls/1006536912510910232698409",624
"625","https://www.gumtree.co.za/s-road-bikes/v1c9801p1page-32/v1c9801p32",32,"https://www.gumtree.co.za/a-road-bikes/crawford/sold-out-new-schwinn-2020-s1-new-in-stock-+-r4250/1006032764690910232698409",625
"626","https://www.gumtree.co.za/s-road-bikes/v1c9801p1page-32/v1c9801p32",32,"https://www.gumtree.co.za/a-road-bikes/crawford/sold-out-new-pink-schwinn-s1-+-r4250/1008180896300910232698409",626
"627","https://www.gumtree.co.za/s-road-bikes/v1c9801p1page-32/v1c9801p32",32,"https://www.gumtree.co.za/a-road-bikes/crawford/new-purple-schwinn-s1-+-r4250/1008180904550910232698409",627
"628","https://www.gumtree.co.za/s-road-bikes/v1c9801p1page-32/v1c9801p32",32,"https://www.gumtree.co.za/a-road-bikes/northern-pretoria/vintage-bicycles/1003171750990910376561309",628
"629","https://www.gumtree.co.za/s-road-bikes/v1c9801p1page-32/v1c9801p32",32,"https://www.gumtree.co.za/a-road-bikes/northern-pretoria/vintage-bicycles-brand-new/1002870273570910376561309",629
"630","https://www.gumtree.co.za/s-road-bikes/v1c9801p1page-32/v1c9801p32",32,"https://www.gumtree.co.za/a-road-bikes/northern-pretoria/springbok-vintage-bicycle-world-champions/1003171822140910376561309",630
"631","https://www.gumtree.co.za/s-road-bikes/v1c9801p1page-32/v1c9801p32",32,"https://www.gumtree.co.za/a-road-bikes/crawford/new-raleigh-team-aero-pro-burner-bmx-+-r/1008210666700910232698409",631
"632","https://www.gumtree.co.za/s-road-bikes/v1c9801p1page-32/v1c9801p32",32,"https://www.gumtree.co.za/a-road-bikes/ballitoville/tecno-train-ttm9303-commercial-upright-bike-12kg-flywheel/1008387417990912672731409",632
"633","https://www.gumtree.co.za/s-road-bikes/v1c9801p1page-32/v1c9801p32",32,"https://www.gumtree.co.za/a-road-bikes/northern-pretoria/american-chopper/1008377198110910376561309",633
"634","https://www.gumtree.co.za/s-road-bikes/v1c9801p1page-32/v1c9801p32",32,"https://www.gumtree.co.za/a-road-bikes/northern-pretoria/vintage-bicycle-brand-new/1003386543850910376561309",634
"635","https://www.gumtree.co.za/s-road-bikes/v1c9801p1page-32/v1c9801p32",32,"https://www.gumtree.co.za/a-road-bikes/crawford/girls-pink-bicycle-60cm-+-needs-some-tlc-not-bent/1008318106740911284713409",635
"636","https://www.gumtree.co.za/s-road-bikes/v1c9801p1page-32/v1c9801p32",32,"https://www.gumtree.co.za/a-road-bikes/northern-pretoria/build-bicycles/1007959383580910376561309",636
"637","https://www.gumtree.co.za/s-road-bikes/v1c9801p1page-32/v1c9801p32",32,"https://www.gumtree.co.za/a-road-bikes/umhlanga/barbie-raleigh-bicycle/1008279244770910175542109",637
"638","https://www.gumtree.co.za/s-road-bikes/v1c9801p1page-32/v1c9801p32",32,"https://www.gumtree.co.za/a-road-bikes/welkom/gt-road-bike-large/1008241857660910004122109",638
"639","https://www.gumtree.co.za/s-road-bikes/v1c9801p1page-32/v1c9801p32",32,"https://www.gumtree.co.za/a-road-bikes/east-london/cannondale-r400-caad-4-offroad-bike/1008220575400910788542609",639
"640","https://www.gumtree.co.za/s-road-bikes/v1c9801p1page-32/v1c9801p32",32,"https://www.gumtree.co.za/a-road-bikes/east-london/cannondale-caad-8-road-bike/1008220555260910788542609",640
"641","https://www.gumtree.co.za/s-road-bikes/v1c9801p1page-32/v1c9801p32",32,"https://www.gumtree.co.za/a-road-bikes/northern-pretoria/customized-vintage-bicycle/1006877646720910376561309",641
"642","https://www.gumtree.co.za/s-road-bikes/v1c9801p1page-32/v1c9801p32",32,"https://www.gumtree.co.za/a-road-bikes/northern-pretoria/sanitizer-stands-only-r390/1007728756540910376561309",642
"643","https://www.gumtree.co.za/s-road-bikes/v1c9801p1page-32/v1c9801p32",32,"https://www.gumtree.co.za/a-road-bikes/northern-pretoria/brand-new-vintage-bicycle/1003118239450910376561309",643
"644","https://www.gumtree.co.za/s-road-bikes/v1c9801p1page-33/v1c9801p33",33,"https://www.gumtree.co.za/a-road-bikes/northern-pretoria/ladies-vintage-bicycle-brand-new/1003171776560910376561309",644
"645","https://www.gumtree.co.za/s-road-bikes/v1c9801p1page-33/v1c9801p33",33,"https://www.gumtree.co.za/a-road-bikes/northern-pretoria/vintage-bicycle/1003119473080910376561309",645
"646","https://www.gumtree.co.za/s-road-bikes/v1c9801p1page-33/v1c9801p33",33,"https://www.gumtree.co.za/a-road-bikes/sandton/honey-bee-electric-bicycle-scooter-in-good-condition/1007431246910910001719009",646
"647","https://www.gumtree.co.za/s-road-bikes/v1c9801p1page-33/v1c9801p33",33,"https://www.gumtree.co.za/a-road-bikes/melville/titan-motor-bike-front-wheel-lock/1007182508990910004723909",647
"648","https://www.gumtree.co.za/s-road-bikes/v1c9801p1page-33/v1c9801p33",33,"https://www.gumtree.co.za/a-road-bikes/northern-pretoria/vintage-bicycle-with-gears/1003171887880910376561309",648
"649","https://www.gumtree.co.za/s-road-bikes/v1c9801p1page-33/v1c9801p33",33,"https://www.gumtree.co.za/a-road-bikes/northern-pretoria/coca-cola-vintage-bicycle/1003171846980910376561309",649
"650","https://www.gumtree.co.za/s-road-bikes/v1c9801p1page-33/v1c9801p33",33,"https://www.gumtree.co.za/a-road-bikes/other/storage-garage-find-bargians-vintage-ladies-releigh-challenger-in-good-original-condition-for-sale/1006950893270910001938209",650
"651","https://www.gumtree.co.za/s-road-bikes/v1c9801p1page-33/v1c9801p33",33,"https://www.gumtree.co.za/a-road-bikes/tableview/e+bike-+-ad-posted-by-nigeldaws/1004815266430910023884109",651
